-10.00 0.00005 -542.33333 -1137.57143 0.02204
-9.99 0.00005 -539.42961 -1129.13294 0.02196
-9.98 0.00005 -536.53841 -1120.74840 0.02189
-9.97 0.00005 -533.65970 -1112.41751 0.02181
-9.96 0.00005 -530.79343 -1104.13998 0.02174
-9.95 0.00005 -527.93956 -1095.91554 0.02166
-9.94 0.00005 -525.09806 -1087.74389 0.02158
-9.93 0.00005 -522.26888 -1079.62475 0.02151
-9.92 0.00005 -519.45198 -1071.55783 0.02143
-9.91 0.00005 -516.64733 -1063.54286 0.02136
-9.90 0.00005 -513.85487 -1055.57956 0.02128
-9.89 0.00005 -511.07458 -1047.66764 0.02121
-9.88 0.00005 -508.30640 -1039.80683 0.02114
-9.87 0.00005 -505.55031 -1031.99685 0.02106
-9.86 0.00005 -502.80626 -1024.23743 0.02099
-9.85 0.00005 -500.07421 -1016.52828 0.02091
-9.84 0.00005 -497.35412 -1008.86915 0.02084
-9.83 0.00005 -494.64596 -1001.25975 0.02077
-9.82 0.00005 -491.94967 -993.69981 0.02069
-9.81 0.00005 -489.26523 -986.18907 0.02062
-9.80 0.00006 -486.59260 -978.72725 0.02054
-9.79 0.00006 -483.93173 -971.31410 0.02047
-9.78 0.00006 -481.28258 -963.94934 0.02040
-9.77 0.00006 -478.64512 -956.63270 0.02033
-9.76 0.00006 -476.01931 -949.36393 0.02025
-9.75 0.00006 -473.40510 -942.14277 0.02018
-9.74 0.00006 -470.80247 -934.96894 0.02011
-9.73 0.00006 -468.21136 -927.84219 0.02004
-9.72 0.00006 -465.63175 -920.76227 0.01996
-9.71 0.00006 -463.06359 -913.72891 0.01989
-9.70 0.00006 -460.50685 -906.74185 0.01982
-9.69 0.00006 -457.96148 -899.80085 0.01975
-9.68 0.00006 -455.42746 -892.90564 0.01968
-9.67 0.00006 -452.90473 -886.05598 0.01960
-9.66 0.00006 -450.39326 -879.25160 0.01953
-9.65 0.00006 -447.89302 -872.49227 0.01946
-9.64 0.00007 -445.40397 -865.77772 0.01939
-9.63 0.00007 -442.92606 -859.10771 0.01932
-9.62 0.00007 -440.45926 -852.48200 0.01925
-9.61 0.00007 -438.00354 -845.90034 0.01918
-9.60 0.00007 -435.55885 -839.36247 0.01911
-9.59 0.00007 -433.12516 -832.86816 0.01904
-9.58 0.00007 -430.70243 -826.41716 0.01897
-9.57 0.00007 -428.29062 -820.00923 0.01890
-9.56 0.00007 -425.88969 -813.64414 0.01883
-9.55 0.00007 -423.49962 -807.32163 0.01876
-9.54 0.00007 -421.12036 -801.04147 0.01869
-9.53 0.00007 -418.75187 -794.80342 0.01862
-9.52 0.00007 -416.39412 -788.60725 0.01855
-9.51 0.00007 -414.04706 -782.45272 0.01848
-9.50 0.00007 -411.71068 -776.33959 0.01841
-9.49 0.00008 -409.38492 -770.26763 0.01834
-9.48 0.00008 -407.06975 -764.23662 0.01827
-9.47 0.00008 -404.76513 -758.24631 0.01820
-9.46 0.00008 -402.47103 -752.29647 0.01814
-9.45 0.00008 -400.18742 -746.38689 0.01807
-9.44 0.00008 -397.91424 -740.51732 0.01800
-9.43 0.00008 -395.65148 -734.68754 0.01793
-9.42 0.00008 -393.39909 -728.89733 0.01786
-9.41 0.00008 -391.15704 -723.14646 0.01780
-9.40 0.00008 -388.92529 -717.43470 0.01773
-9.39 0.00008 -386.70380 -711.76184 0.01766
-9.38 0.00008 -384.49254 -706.12765 0.01759
-9.37 0.00009 -382.29148 -700.53191 0.01753
-9.36 0.00009 -380.10057 -694.97439 0.01746
-9.35 0.00009 -377.91979 -689.45489 0.01739
-9.34 0.00009 -375.74909 -683.97318 0.01733
-9.33 0.00009 -373.58844 -678.52904 0.01726
-9.32 0.00009 -371.43782 -673.12226 0.01719
-9.31 0.00009 -369.29717 -667.75263 0.01713
-9.30 0.00009 -367.16647 -662.41993 0.01706
-9.29 0.00009 -365.04568 -657.12394 0.01699
-9.28 0.00009 -362.93477 -651.86446 0.01693
-9.27 0.00009 -360.83370 -646.64127 0.01686
-9.26 0.00010 -358.74244 -641.45416 0.01680
-9.25 0.00010 -356.66095 -636.30293 0.01673
-9.24 0.00010 -354.58919 -631.18737 0.01667
-9.23 0.00010 -352.52714 -626.10726 0.01660
-9.22 0.00010 -350.47476 -621.06241 0.01654
-9.21 0.00010 -348.43202 -616.05260 0.01647
-9.20 0.00010 -346.39887 -611.07764 0.01641
-9.19 0.00010 -344.37529 -606.13732 0.01634
-9.18 0.00010 -342.36124 -601.23143 0.01628
-9.17 0.00010 -340.35669 -596.35978 0.01621
-9.16 0.00011 -338.36161 -591.52217 0.01615
-9.15 0.00011 -336.37595 -586.71839 0.01609
-9.14 0.00011 -334.39969 -581.94826 0.01602
-9.13 0.00011 -332.43280 -577.21156 0.01596
-9.12 0.00011 -330.47523 -572.50810 0.01590
-9.11 0.00011 -328.52696 -567.83769 0.01583
-9.10 0.00011 -326.58795 -563.20014 0.01577
-9.09 0.00011 -324.65817 -558.59524 0.01571
-9.08 0.00011 -322.73759 -554.02281 0.01564
-9.07 0.00012 -320.82617 -549.48266 0.01558
-9.06 0.00012 -318.92387 -544.97458 0.01552
-9.05 0.00012 -317.03068 -540.49840 0.01546
-9.04 0.00012 -315.14655 -536.05392 0.01539
-9.03 0.00012 -313.27145 -531.64096 0.01533
-9.02 0.00012 -311.40534 -527.25932 0.01527
-9.01 0.00012 -309.54821 -522.90883 0.01521
-9.00 0.00012 -307.70000 -518.58929 0.01515
-8.99 0.00012 -305.86069 -514.30052 0.01509
-8.98 0.00013 -304.03026 -510.04233 0.01502
-8.97 0.00013 -302.20865 -505.81455 0.01496
-8.96 0.00013 -300.39585 -501.61699 0.01490
-8.95 0.00013 -298.59182 -497.44947 0.01484
-8.94 0.00013 -296.79653 -493.31181 0.01478
-8.93 0.00013 -295.00995 -489.20382 0.01472
-8.92 0.00013 -293.23204 -485.12534 0.01466
-8.91 0.00014 -291.46277 -481.07619 0.01460
-8.90 0.00014 -289.70212 -477.05617 0.01454
-8.89 0.00014 -287.95004 -473.06513 0.01448
-8.88 0.00014 -286.20651 -469.10289 0.01442
-8.87 0.00014 -284.47149 -465.16926 0.01436
-8.86 0.00014 -282.74496 -461.26408 0.01430
-8.85 0.00014 -281.02689 -457.38718 0.01424
-8.84 0.00014 -279.31723 -453.53838 0.01418
-8.83 0.00015 -277.61597 -449.71751 0.01412
-8.82 0.00015 -275.92306 -445.92441 0.01407
-8.81 0.00015 -274.23848 -442.15889 0.01401
-8.80 0.00015 -272.56220 -438.42080 0.01395
-8.79 0.00015 -270.89418 -434.70997 0.01389
-8.78 0.00015 -269.23440 -431.02622 0.01383
-8.77 0.00016 -267.58282 -427.36940 0.01377
-8.76 0.00016 -265.93942 -423.73934 0.01372
-8.75 0.00016 -264.30416 -420.13587 0.01366
-8.74 0.00016 -262.67701 -416.55883 0.01360
-8.73 0.00016 -261.05794 -413.00806 0.01354
-8.72 0.00016 -259.44693 -409.48339 0.01349
-8.71 0.00016 -257.84393 -405.98467 0.01343
-8.70 0.00017 -256.24893 -402.51174 0.01337
-8.69 0.00017 -254.66189 -399.06442 0.01332
-8.68 0.00017 -253.08277 -395.64258 0.01326
-8.67 0.00017 -251.51156 -392.24604 0.01320
-8.66 0.00017 -249.94822 -388.87466 0.01315
-8.65 0.00018 -248.39272 -385.52827 0.01309
-8.64 0.00018 -246.84503 -382.20672 0.01304
-8.63 0.00018 -245.30512 -378.90985 0.01298
-8.62 0.00018 -243.77296 -375.63752 0.01292
-8.61 0.00018 -242.24853 -372.38956 0.01287
-8.60 0.00018 -240.73178 -369.16582 0.01281
-8.59 0.00019 -239.22270 -365.96616 0.01276
-8.58 0.00019 -237.72125 -362.79043 0.01270
-8.57 0.00019 -236.22741 -359.63846 0.01265
-8.56 0.00019 -234.74114 -356.51012 0.01259
-8.55 0.00019 -233.26242 -353.40525 0.01254
-8.54 0.00020 -231.79122 -350.32371 0.01249
-8.53 0.00020 -230.32750 -347.26534 0.01243
-8.52 0.00020 -228.87124 -344.23001 0.01238
-8.51 0.00020 -227.42242 -341.21757 0.01232
-8.50 0.00020 -225.98099 -338.22787 0.01227
-8.49 0.00021 -224.54694 -335.26077 0.01222
-8.48 0.00021 -223.12023 -332.31612 0.01216
-8.47 0.00021 -221.70084 -329.39378 0.01211
-8.46 0.00021 -220.28873 -326.49362 0.01206
-8.45 0.00021 -218.88388 -323.61548 0.01201
-8.44 0.00022 -217.48627 -320.75923 0.01195
-8.43 0.00022 -216.09586 -317.92473 0.01190
-8.42 0.00022 -214.71262 -315.11184 0.01185
-8.41 0.00022 -213.33653 -312.32042 0.01180
-8.40 0.00022 -211.96755 -309.55034 0.01174
-8.39 0.00023 -210.60567 -306.80145 0.01169
-8.38 0.00023 -209.25085 -304.07362 0.01164
-8.37 0.00023 -207.90306 -301.36672 0.01159
-8.36 0.00023 -206.56228 -298.68061 0.01154
-8.35 0.00024 -205.22848 -296.01515 0.01149
-8.34 0.00024 -203.90164 -293.37022 0.01144
-8.33 0.00024 -202.58171 -290.74568 0.01139
-8.32 0.00024 -201.26869 -288.14139 0.01133
-8.31 0.00025 -199.96253 -285.55724 0.01128
-8.30 0.00025 -198.66322 -282.99307 0.01123
-8.29 0.00025 -197.37072 -280.44878 0.01118
-8.28 0.00025 -196.08501 -277.92422 0.01113
-8.27 0.00026 -194.80606 -275.41927 0.01108
-8.26 0.00026 -193.53384 -272.93380 0.01104
-8.25 0.00026 -192.26833 -270.46769 0.01099
-8.24 0.00026 -191.00951 -268.02080 0.01094
-8.23 0.00027 -189.75733 -265.59301 0.01089
-8.22 0.00027 -188.51179 -263.18420 0.01084
-8.21 0.00027 -187.27284 -260.79424 0.01079
-8.20 0.00027 -186.04047 -258.42301 0.01074
-8.19 0.00028 -184.81464 -256.07038 0.01069
-8.18 0.00028 -183.59534 -253.73623 0.01065
-8.17 0.00028 -182.38253 -251.42045 0.01060
-8.16 0.00029 -181.17619 -249.12290 0.01055
-8.15 0.00029 -179.97629 -246.84347 0.01050
-8.14 0.00029 -178.78281 -244.58203 0.01045
-8.13 0.00029 -177.59572 -242.33848 0.01041
-8.12 0.00030 -176.41499 -240.11268 0.01036
-8.11 0.00030 -175.24061 -237.90453 0.01031
-8.10 0.00030 -174.07253 -235.71390 0.01027
-8.09 0.00031 -172.91074 -233.54067 0.01022
-8.08 0.00031 -171.75521 -231.38474 0.01017
-8.07 0.00031 -170.60592 -229.24599 0.01013
-8.06 0.00032 -169.46284 -227.12429 0.01008
-8.05 0.00032 -168.32594 -225.01954 0.01004
-8.04 0.00032 -167.19520 -222.93162 0.00999
-8.03 0.00033 -166.07060 -220.86043 0.00994
-8.02 0.00033 -164.95210 -218.80584 0.00990
-8.01 0.00033 -163.83969 -216.76774 0.00985
-8.00 0.00034 -162.73333 -214.74603 0.00981
-7.99 0.00034 -161.63301 -212.74059 0.00976
-7.98 0.00034 -160.53870 -210.75132 0.00972
-7.97 0.00035 -159.45037 -208.77810 0.00967
-7.96 0.00035 -158.36800 -206.82083 0.00963
-7.95 0.00035 -157.29156 -204.87939 0.00959
-7.94 0.00036 -156.22104 -202.95368 0.00954
-7.93 0.00036 -155.15639 -201.04359 0.00950
-7.92 0.00036 -154.09761 -199.14902 0.00946
-7.91 0.00037 -153.04466 -197.26986 0.00941
-7.90 0.00037 -151.99753 -195.40600 0.00937
-7.89 0.00037 -150.95618 -193.55735 0.00933
-7.88 0.00038 -149.92059 -191.72379 0.00928
-7.87 0.00038 -148.89075 -189.90522 0.00924
-7.86 0.00039 -147.86661 -188.10154 0.00920
-7.85 0.00039 -146.84817 -186.31264 0.00916
-7.84 0.00039 -145.83539 -184.53843 0.00911
-7.83 0.00040 -144.82825 -182.77881 0.00907
-7.82 0.00040 -143.82674 -181.03367 0.00903
-7.81 0.00041 -142.83082 -179.30291 0.00899
-7.80 0.00041 -141.84046 -177.58643 0.00895
-7.79 0.00041 -140.85566 -175.88414 0.00891
-7.78 0.00042 -139.87638 -174.19593 0.00886
-7.77 0.00042 -138.90260 -172.52172 0.00882
-7.76 0.00043 -137.93429 -170.86139 0.00878
-7.75 0.00043 -136.97144 -169.21485 0.00874
-7.74 0.00044 -136.01402 -167.58201 0.00870
-7.73 0.00044 -135.06201 -165.96278 0.00866
-7.72 0.00044 -134.11538 -164.35705 0.00862
-7.71 0.00045 -133.17411 -162.76473 0.00858
-7.70 0.00045 -132.23818 -161.18573 0.00854
-7.69 0.00046 -131.30756 -159.61995 0.00850
-7.68 0.00046 -130.38223 -158.06730 0.00847
-7.67 0.00047 -129.46217 -156.52770 0.00843
-7.66 0.00047 -128.54736 -155.00103 0.00839
-7.65 0.00048 -127.63777 -153.48723 0.00835
-7.64 0.00048 -126.73338 -151.98618 0.00831
-7.63 0.00049 -125.83417 -150.49781 0.00827
-7.62 0.00049 -124.94012 -149.02203 0.00824
-7.61 0.00050 -124.05119 -147.55874 0.00820
-7.60 0.00050 -123.16738 -146.10785 0.00816
-7.59 0.00051 -122.28866 -144.66928 0.00812
-7.58 0.00051 -121.41500 -143.24294 0.00809
-7.57 0.00052 -120.54639 -141.82874 0.00805
-7.56 0.00052 -119.68279 -140.42659 0.00801
-7.55 0.00053 -118.82420 -139.03642 0.00797
-7.54 0.00053 -117.97059 -137.65812 0.00794
-7.53 0.00054 -117.12193 -136.29162 0.00790
-7.52 0.00054 -116.27820 -134.93684 0.00787
-7.51 0.00055 -115.43939 -133.59368 0.00783
-7.50 0.00055 -114.60547 -132.26207 0.00779
-7.49 0.00056 -113.77642 -130.94191 0.00776
-7.48 0.00056 -112.95221 -129.63314 0.00772
-7.47 0.00057 -112.13283 -128.33566 0.00769
-7.46 0.00058 -111.31825 -127.04939 0.00765
-7.45 0.00058 -110.50846 -125.77426 0.00762
-7.44 0.00059 -109.70343 -124.51018 0.00759
-7.43 0.00059 -108.90313 -123.25706 0.00755
-7.42 0.00060 -108.10756 -122.01484 0.00752
-7.41 0.00061 -107.31668 -120.78343 0.00748
-7.40 0.00061 -106.53049 -119.56275 0.00745
-7.39 0.00062 -105.74894 -118.35272 0.00742
-7.38 0.00062 -104.97203 -117.15327 0.00738
-7.37 0.00063 -104.19974 -115.96431 0.00735
-7.36 0.00064 -103.43204 -114.78578 0.00732
-7.35 0.00064 -102.66891 -113.61758 0.00729
-7.34 0.00065 -101.91033 -112.45966 0.00725
-7.33 0.00066 -101.15629 -111.31193 0.00722
-7.32 0.00066 -100.40675 -110.17431 0.00719
-7.31 0.00067 -99.66170 -109.04673 0.00716
-7.30 0.00068 -98.92113 -107.92912 0.00713
-7.29 0.00068 -98.18500 -106.82140 0.00709
-7.28 0.00069 -97.45330 -105.72350 0.00706
-7.27 0.00070 -96.72601 -104.63534 0.00703
-7.26 0.00070 -96.00311 -103.55686 0.00700
-7.25 0.00071 -95.28458 -102.48798 0.00697
-7.24 0.00072 -94.57039 -101.42862 0.00694
-7.23 0.00072 -93.86054 -100.37873 0.00691
-7.22 0.00073 -93.15499 -99.33822 0.00688
-7.21 0.00074 -92.45373 -98.30702 0.00685
-7.20 0.00075 -91.75674 -97.28507 0.00682
-7.19 0.00075 -91.06399 -96.27230 0.00679
-7.18 0.00076 -90.37548 -95.26863 0.00676
-7.17 0.00077 -89.69118 -94.27400 0.00673
-7.16 0.00078 -89.01106 -93.28834 0.00671
-7.15 0.00078 -88.33512 -92.31158 0.00668
-7.14 0.00079 -87.66332 -91.34365 0.00665
-7.13 0.00080 -86.99566 -90.38449 0.00662
-7.12 0.00081 -86.33211 -89.43403 0.00659
-7.11 0.00082 -85.67266 -88.49221 0.00657
-7.10 0.00083 -85.01728 -87.55895 0.00654
-7.09 0.00083 -84.36595 -86.63419 0.00651
-7.08 0.00084 -83.71866 -85.71787 0.00649
-7.07 0.00085 -83.07538 -84.80992 0.00646
-7.06 0.00086 -82.43610 -83.91028 0.00643
-7.05 0.00087 -81.80080 -83.01888 0.00641
-7.04 0.00088 -81.16946 -82.13566 0.00638
-7.03 0.00088 -80.54207 -81.26056 0.00635
-7.02 0.00089 -79.91859 -80.39351 0.00633
-7.01 0.00090 -79.29902 -79.53446 0.00630
-7.00 0.00091 -78.68333 -78.68333 0.00628
-6.99 0.00092 -78.07151 -77.84008 0.00625
-6.98 0.00093 -77.46354 -77.00463 0.00623
-6.97 0.00094 -76.85940 -76.17692 0.00621
-6.96 0.00095 -76.25907 -75.35691 0.00618
-6.95 0.00096 -75.66253 -74.54452 0.00616
-6.94 0.00097 -75.06977 -73.73969 0.00613
-6.93 0.00098 -74.48077 -72.94237 0.00611
-6.92 0.00099 -73.89550 -72.15250 0.00609
-6.91 0.00100 -73.31395 -71.37002 0.00606
-6.90 0.00101 -72.73611 -70.59487 0.00604
-6.89 0.00102 -72.16195 -69.82700 0.00602
-6.88 0.00103 -71.59146 -69.06634 0.00600
-6.87 0.00104 -71.02461 -68.31284 0.00597
-6.86 0.00105 -70.46140 -67.56644 0.00595
-6.85 0.00106 -69.90180 -66.82709 0.00593
-6.84 0.00107 -69.34580 -66.09473 0.00591
-6.83 0.00108 -68.79338 -65.36931 0.00589
-6.82 0.00109 -68.24451 -64.65076 0.00587
-6.81 0.00110 -67.69919 -63.93904 0.00585
-6.80 0.00111 -67.15740 -63.23408 0.00583
-6.79 0.00112 -66.61911 -62.53585 0.00581
-6.78 0.00114 -66.08432 -61.84427 0.00579
-6.77 0.00115 -65.55300 -61.15931 0.00577
-6.76 0.00116 -65.02513 -60.48090 0.00575
-6.75 0.00117 -64.50071 -59.80899 0.00573
-6.74 0.00118 -63.97971 -59.14353 0.00571
-6.73 0.00119 -63.46211 -58.48447 0.00569
-6.72 0.00121 -62.94790 -57.83176 0.00567
-6.71 0.00122 -62.43707 -57.18534 0.00566
-6.70 0.00123 -61.92959 -56.54516 0.00564
-6.69 0.00124 -61.42545 -55.91118 0.00562
-6.68 0.00126 -60.92463 -55.28334 0.00560
-6.67 0.00127 -60.42711 -54.66159 0.00559
-6.66 0.00128 -59.93288 -54.04589 0.00557
-6.65 0.00129 -59.44193 -53.43617 0.00555
-6.64 0.00131 -58.95423 -52.83241 0.00554
-6.63 0.00132 -58.46976 -52.23454 0.00552
-6.62 0.00133 -57.98852 -51.64251 0.00551
-6.61 0.00135 -57.51049 -51.05629 0.00549
-6.60 0.00136 -57.03565 -50.47581 0.00548
-6.59 0.00137 -56.56398 -49.90104 0.00546
-6.58 0.00139 -56.09547 -49.33192 0.00545
-6.57 0.00140 -55.63009 -48.76842 0.00543
-6.56 0.00142 -55.16785 -48.21048 0.00542
-6.55 0.00143 -54.70871 -47.65805 0.00540
-6.54 0.00144 -54.25267 -47.11110 0.00539
-6.53 0.00146 -53.79970 -46.56957 0.00538
-6.52 0.00147 -53.34980 -46.03342 0.00536
-6.51 0.00149 -52.90294 -45.50261 0.00535
-6.50 0.00150 -52.45911 -44.97708 0.00534
-6.49 0.00152 -52.01830 -44.45680 0.00533
-6.48 0.00153 -51.58049 -43.94173 0.00531
-6.47 0.00155 -51.14566 -43.43181 0.00530
-6.46 0.00156 -50.71379 -42.92701 0.00529
-6.45 0.00158 -50.28488 -42.42727 0.00528
-6.44 0.00160 -49.85891 -41.93257 0.00527
-6.43 0.00161 -49.43586 -41.44285 0.00526
-6.42 0.00163 -49.01572 -40.95808 0.00525
-6.41 0.00165 -48.59846 -40.47821 0.00524
-6.40 0.00166 -48.18409 -40.00320 0.00523
-6.39 0.00168 -47.77257 -39.53300 0.00522
-6.38 0.00170 -47.36390 -39.06758 0.00521
-6.37 0.00171 -46.95806 -38.60690 0.00520
-6.36 0.00173 -46.55504 -38.15092 0.00519
-6.35 0.00175 -46.15482 -37.69959 0.00519
-6.34 0.00176 -45.75738 -37.25288 0.00518
-6.33 0.00178 -45.36272 -36.81074 0.00517
-6.32 0.00180 -44.97081 -36.37314 0.00516
-6.31 0.00182 -44.58165 -35.94003 0.00516
-6.30 0.00184 -44.19521 -35.51139 0.00515
-6.29 0.00185 -43.81148 -35.08716 0.00514
-6.28 0.00187 -43.43046 -34.66732 0.00514
-6.27 0.00189 -43.05212 -34.25181 0.00513
-6.26 0.00191 -42.67644 -33.84062 0.00513
-6.25 0.00193 -42.30343 -33.43369 0.00512
-6.24 0.00195 -41.93305 -33.03099 0.00512
-6.23 0.00197 -41.56530 -32.63248 0.00511
-6.22 0.00199 -41.20016 -32.23813 0.00511
-6.21 0.00201 -40.83762 -31.84790 0.00510
-6.20 0.00203 -40.47767 -31.46176 0.00510
-6.19 0.00205 -40.12028 -31.07966 0.00510
-6.18 0.00207 -39.76546 -30.70158 0.00509
-6.17 0.00209 -39.41317 -30.32747 0.00509
-6.16 0.00211 -39.06341 -29.95730 0.00509
-6.15 0.00213 -38.71617 -29.59104 0.00509
-6.14 0.00215 -38.37143 -29.22865 0.00509
-6.13 0.00218 -38.02917 -28.87010 0.00509
-6.12 0.00220 -37.68939 -28.51535 0.00508
-6.11 0.00222 -37.35206 -28.16437 0.00508
-6.10 0.00224 -37.01719 -27.81712 0.00508
-6.09 0.00227 -36.68474 -27.47358 0.00508
-6.08 0.00229 -36.35472 -27.13370 0.00508
-6.07 0.00231 -36.02710 -26.79746 0.00509
-6.06 0.00233 -35.70187 -26.46483 0.00509
-6.05 0.00236 -35.37902 -26.13576 0.00509
-6.04 0.00238 -35.05854 -25.81023 0.00509
-6.03 0.00241 -34.74041 -25.48821 0.00509
-6.02 0.00243 -34.42462 -25.16966 0.00510
-6.01 0.00245 -34.11115 -24.85455 0.00510
-6.00 0.00248 -33.80000 -24.54286 0.00510
-5.99 0.00250 -33.49115 -24.23454 0.00511
-5.98 0.00253 -33.18458 -23.92958 0.00511
-5.97 0.00255 -32.88029 -23.62793 0.00511
-5.96 0.00258 -32.57826 -23.32957 0.00512
-5.95 0.00261 -32.27848 -23.03447 0.00512
-5.94 0.00263 -31.98093 -22.74259 0.00513
-5.93 0.00266 -31.68561 -22.45392 0.00514
-5.92 0.00269 -31.39250 -22.16841 0.00514
-5.91 0.00271 -31.10158 -21.88604 0.00515
-5.90 0.00274 -30.81285 -21.60679 0.00516
-5.89 0.00277 -30.52630 -21.33061 0.00516
-5.88 0.00279 -30.24190 -21.05749 0.00517
-5.87 0.00282 -29.95965 -20.78739 0.00518
-5.86 0.00285 -29.67953 -20.52028 0.00519
-5.85 0.00288 -29.40154 -20.25615 0.00520
-5.84 0.00291 -29.12566 -19.99495 0.00521
-5.83 0.00294 -28.85188 -19.73667 0.00522
-5.82 0.00297 -28.58018 -19.48127 0.00523
-5.81 0.00300 -28.31056 -19.22873 0.00524
-5.80 0.00303 -28.04300 -18.97902 0.00525
-5.79 0.00306 -27.77749 -18.73212 0.00526
-5.78 0.00309 -27.51401 -18.48799 0.00527
-5.77 0.00312 -27.25257 -18.24662 0.00529
-5.76 0.00315 -26.99313 -18.00797 0.00530
-5.75 0.00318 -26.73570 -17.77202 0.00531
-5.74 0.00321 -26.48026 -17.53874 0.00533
-5.73 0.00325 -26.22680 -17.30811 0.00534
-5.72 0.00328 -25.97530 -17.08011 0.00535
-5.71 0.00331 -25.72576 -16.85470 0.00537
-5.70 0.00335 -25.47817 -16.63186 0.00538
-5.69 0.00338 -25.23250 -16.41157 0.00540
-5.68 0.00341 -24.98876 -16.19381 0.00542
-5.67 0.00345 -24.74692 -15.97854 0.00543
-5.66 0.00348 -24.50699 -15.76575 0.00545
-5.65 0.00352 -24.26894 -15.55541 0.00547
-5.64 0.00355 -24.03276 -15.34750 0.00549
-5.63 0.00359 -23.79845 -15.14199 0.00550
-5.62 0.00362 -23.56599 -14.93886 0.00552
-5.61 0.00366 -23.33537 -14.73808 0.00554
-5.60 0.00370 -23.10658 -14.53964 0.00556
-5.59 0.00374 -22.87961 -14.34351 0.00558
-5.58 0.00377 -22.65445 -14.14967 0.00560
-5.57 0.00381 -22.43108 -13.95810 0.00563
-5.56 0.00385 -22.20951 -13.76876 0.00565
-5.55 0.00389 -21.98970 -13.58165 0.00567
-5.54 0.00393 -21.77166 -13.39674 0.00569
-5.53 0.00397 -21.55538 -13.21400 0.00572
-5.52 0.00401 -21.34083 -13.03342 0.00574
-5.51 0.00405 -21.12802 -12.85497 0.00576
-5.50 0.00409 -20.91693 -12.67864 0.00579
-5.49 0.00413 -20.70755 -12.50440 0.00582
-5.48 0.00417 -20.49987 -12.33223 0.00584
-5.47 0.00421 -20.29387 -12.16211 0.00587
-5.46 0.00425 -20.08956 -11.99402 0.00589
-5.45 0.00430 -19.88692 -11.82793 0.00592
-5.44 0.00434 -19.68593 -11.66384 0.00595
-5.43 0.00438 -19.48659 -11.50171 0.00598
-5.42 0.00443 -19.28889 -11.34154 0.00601
-5.41 0.00447 -19.09281 -11.18329 0.00604
-5.40 0.00452 -18.89835 -11.02695 0.00607
-5.39 0.00456 -18.70550 -10.87250 0.00610
-5.38 0.00461 -18.51424 -10.71993 0.00613
-5.37 0.00465 -18.32457 -10.56920 0.00616
-5.36 0.00470 -18.13648 -10.42030 0.00619
-5.35 0.00475 -17.94995 -10.27322 0.00623
-5.34 0.00480 -17.76498 -10.12794 0.00626
-5.33 0.00484 -17.58155 -9.98443 0.00629
-5.32 0.00489 -17.39966 -9.84268 0.00633
-5.31 0.00494 -17.21930 -9.70267 0.00636
-5.30 0.00499 -17.04045 -9.56438 0.00640
-5.29 0.00504 -16.86311 -9.42779 0.00644
-5.28 0.00509 -16.68727 -9.29290 0.00647
-5.27 0.00514 -16.51292 -9.15967 0.00651
-5.26 0.00520 -16.34004 -9.02809 0.00655
-5.25 0.00525 -16.16863 -8.89814 0.00659
-5.24 0.00530 -15.99868 -8.76982 0.00663
-5.23 0.00535 -15.83018 -8.64309 0.00667
-5.22 0.00541 -15.66311 -8.51794 0.00671
-5.21 0.00546 -15.49748 -8.39437 0.00675
-5.20 0.00552 -15.33327 -8.27234 0.00679
-5.19 0.00557 -15.17047 -8.15184 0.00683
-5.18 0.00563 -15.00907 -8.03286 0.00688
-5.17 0.00568 -14.84907 -7.91539 0.00692
-5.16 0.00574 -14.69045 -7.79939 0.00697
-5.15 0.00580 -14.53320 -7.68487 0.00701
-5.14 0.00586 -14.37732 -7.57180 0.00706
-5.13 0.00592 -14.22279 -7.46017 0.00710
-5.12 0.00598 -14.06962 -7.34996 0.00715
-5.11 0.00604 -13.91778 -7.24116 0.00720
-5.10 0.00610 -13.76727 -7.13375 0.00725
-5.09 0.00616 -13.61808 -7.02771 0.00730
-5.08 0.00622 -13.47020 -6.92304 0.00735
-5.07 0.00628 -13.32362 -6.81971 0.00740
-5.06 0.00635 -13.17834 -6.71772 0.00745
-5.05 0.00641 -13.03434 -6.61704 0.00750
-5.04 0.00647 -12.89162 -6.51767 0.00756
-5.03 0.00654 -12.75017 -6.41959 0.00761
-5.02 0.00660 -12.60998 -6.32278 0.00766
-5.01 0.00667 -12.47103 -6.22724 0.00772
-5.00 0.00674 -12.33333 -6.13294 0.00777
-4.99 0.00681 -12.19687 -6.03987 0.00783
-4.98 0.00687 -12.06162 -5.94802 0.00789
-4.97 0.00694 -11.92760 -5.85738 0.00795
-4.96 0.00701 -11.79478 -5.76794 0.00801
-4.95 0.00708 -11.66316 -5.67967 0.00807
-4.94 0.00715 -11.53273 -5.59257 0.00813
-4.93 0.00723 -11.40348 -5.50662 0.00819
-4.92 0.00730 -11.27541 -5.42181 0.00825
-4.91 0.00737 -11.14851 -5.33813 0.00831
-4.90 0.00745 -11.02277 -5.25556 0.00838
-4.89 0.00752 -10.89817 -5.17410 0.00844
-4.88 0.00760 -10.77472 -5.09373 0.00851
-4.87 0.00767 -10.65240 -5.01443 0.00857
-4.86 0.00775 -10.53121 -4.93620 0.00864
-4.85 0.00783 -10.41114 -4.85902 0.00871
-4.84 0.00791 -10.29217 -4.78289 0.00878
-4.83 0.00799 -10.17431 -4.70778 0.00885
-4.82 0.00807 -10.05754 -4.63369 0.00892
-4.81 0.00815 -9.94186 -4.56060 0.00899
-4.80 0.00823 -9.82726 -4.48851 0.00906
-4.79 0.00831 -9.71373 -4.41741 0.00914
-4.78 0.00840 -9.60127 -4.34727 0.00921
-4.77 0.00848 -9.48986 -4.27810 0.00928
-4.76 0.00857 -9.37950 -4.20987 0.00936
-4.75 0.00865 -9.27017 -4.14258 0.00944
-4.74 0.00874 -9.16189 -4.07622 0.00952
-4.73 0.00883 -9.05462 -4.01077 0.00959
-4.72 0.00892 -8.94838 -3.94623 0.00967
-4.71 0.00900 -8.84314 -3.88259 0.00976
-4.70 0.00910 -8.73891 -3.81983 0.00984
-4.69 0.00919 -8.63568 -3.75794 0.00992
-4.68 0.00928 -8.53343 -3.69692 0.01000
-4.67 0.00937 -8.43217 -3.63675 0.01009
-4.66 0.00947 -8.33188 -3.57742 0.01017
-4.65 0.00956 -8.23255 -3.51893 0.01026
-4.64 0.00966 -8.13419 -3.46126 0.01035
-4.63 0.00975 -8.03677 -3.40440 0.01044
-4.62 0.00985 -7.94031 -3.34835 0.01053
-4.61 0.00995 -7.84478 -3.29309 0.01062
-4.60 0.01005 -7.75018 -3.23861 0.01071
-4.59 0.01015 -7.65651 -3.18491 0.01080
-4.58 0.01025 -7.56375 -3.13198 0.01090
-4.57 0.01036 -7.47191 -3.07980 0.01099
-4.56 0.01046 -7.38097 -3.02837 0.01109
-4.55 0.01057 -7.29092 -2.97768 0.01119
-4.54 0.01067 -7.20176 -2.92771 0.01129
-4.53 0.01078 -7.11349 -2.87847 0.01139
-4.52 0.01089 -7.02610 -2.82994 0.01149
-4.51 0.01100 -6.93957 -2.78211 0.01159
-4.50 0.01111 -6.85391 -2.73497 0.01169
-4.49 0.01122 -6.76910 -2.68853 0.01180
-4.48 0.01133 -6.68514 -2.64275 0.01190
-4.47 0.01145 -6.60203 -2.59765 0.01201
-4.46 0.01156 -6.51975 -2.55320 0.01212
-4.45 0.01168 -6.43830 -2.50941 0.01223
-4.44 0.01180 -6.35768 -2.46626 0.01234
-4.43 0.01191 -6.27787 -2.42375 0.01245
-4.42 0.01203 -6.19887 -2.38187 0.01256
-4.41 0.01216 -6.12068 -2.34060 0.01268
-4.40 0.01228 -6.04329 -2.29995 0.01279
-4.39 0.01240 -5.96668 -2.25990 0.01291
-4.38 0.01253 -5.89087 -2.22045 0.01303
-4.37 0.01265 -5.81583 -2.18159 0.01315
-4.36 0.01278 -5.74156 -2.14331 0.01327
-4.35 0.01291 -5.66807 -2.10560 0.01339
-4.34 0.01304 -5.59533 -2.06846 0.01351
-4.33 0.01317 -5.52335 -2.03188 0.01364
-4.32 0.01330 -5.45211 -1.99585 0.01376
-4.31 0.01343 -5.38162 -1.96037 0.01389
-4.30 0.01357 -5.31187 -1.92542 0.01402
-4.29 0.01370 -5.24284 -1.89101 0.01415
-4.28 0.01384 -5.17454 -1.85712 0.01428
-4.27 0.01398 -5.10696 -1.82375 0.01442
-4.26 0.01412 -5.04009 -1.79089 0.01455
-4.25 0.01426 -4.97393 -1.75853 0.01469
-4.24 0.01441 -4.90847 -1.72667 0.01482
-4.23 0.01455 -4.84371 -1.69530 0.01496
-4.22 0.01470 -4.77964 -1.66442 0.01510
-4.21 0.01485 -4.71625 -1.63401 0.01525
-4.20 0.01500 -4.65354 -1.60407 0.01539
-4.19 0.01515 -4.59150 -1.57460 0.01554
-4.18 0.01530 -4.53013 -1.54559 0.01568
-4.17 0.01545 -4.46942 -1.51704 0.01583
-4.16 0.01561 -4.40936 -1.48893 0.01598
-4.15 0.01576 -4.34996 -1.46126 0.01613
-4.14 0.01592 -4.29120 -1.43402 0.01629
-4.13 0.01608 -4.23308 -1.40722 0.01644
-4.12 0.01624 -4.17560 -1.38083 0.01660
-4.11 0.01641 -4.11874 -1.35487 0.01676
-4.10 0.01657 -4.06251 -1.32932 0.01692
-4.09 0.01674 -4.00690 -1.30417 0.01708
-4.08 0.01691 -3.95190 -1.27943 0.01724
-4.07 0.01708 -3.89751 -1.25508 0.01741
-4.06 0.01725 -3.84371 -1.23111 0.01757
-4.05 0.01742 -3.79052 -1.20754 0.01774
-4.04 0.01760 -3.73792 -1.18434 0.01791
-4.03 0.01777 -3.68591 -1.16152 0.01808
-4.02 0.01795 -3.63447 -1.13906 0.01826
-4.01 0.01813 -3.58362 -1.11697 0.01843
-4.00 0.01832 -3.53333 -1.09524 0.01861
-3.99 0.01850 -3.48362 -1.07386 0.01879
-3.98 0.01869 -3.43446 -1.05283 0.01897
-3.97 0.01887 -3.38586 -1.03214 0.01916
-3.96 0.01906 -3.33781 -1.01179 0.01934
-3.95 0.01925 -3.29031 -0.99177 0.01953
-3.94 0.01945 -3.24335 -0.97209 0.01972
-3.93 0.01964 -3.19693 -0.95273 0.01991
-3.92 0.01984 -3.15105 -0.93368 0.02010
-3.91 0.02004 -3.10568 -0.91496 0.02030
-3.90 0.02024 -3.06085 -0.89654 0.02050
-3.89 0.02045 -3.01653 -0.87843 0.02070
-3.88 0.02065 -2.97272 -0.86062 0.02090
-3.87 0.02086 -2.92942 -0.84311 0.02110
-3.86 0.02107 -2.88663 -0.82589 0.02131
-3.85 0.02128 -2.84433 -0.80896 0.02152
-3.84 0.02149 -2.80253 -0.79231 0.02173
-3.83 0.02171 -2.76123 -0.77595 0.02194
-3.82 0.02193 -2.72040 -0.75986 0.02215
-3.81 0.02215 -2.68006 -0.74404 0.02237
-3.80 0.02237 -2.64020 -0.72849 0.02259
-3.79 0.02260 -2.60081 -0.71321 0.02281
-3.78 0.02282 -2.56188 -0.69818 0.02303
-3.77 0.02305 -2.52342 -0.68341 0.02326
-3.76 0.02328 -2.48542 -0.66890 0.02349
-3.75 0.02352 -2.44788 -0.65463 0.02372
-3.74 0.02375 -2.41078 -0.64060 0.02395
-3.73 0.02399 -2.37413 -0.62682 0.02419
-3.72 0.02423 -2.33793 -0.61328 0.02443
-3.71 0.02448 -2.30216 -0.59997 0.02467
-3.70 0.02472 -2.26683 -0.58689 0.02491
-3.69 0.02497 -2.23192 -0.57403 0.02516
-3.68 0.02522 -2.19744 -0.56140 0.02540
-3.67 0.02548 -2.16339 -0.54899 0.02565
-3.66 0.02573 -2.12975 -0.53679 0.02591
-3.65 0.02599 -2.09652 -0.52481 0.02616
-3.64 0.02625 -2.06370 -0.51304 0.02642
-3.63 0.02652 -2.03129 -0.50148 0.02668
-3.62 0.02678 -1.99928 -0.49011 0.02695
-3.61 0.02705 -1.96767 -0.47895 0.02721
-3.60 0.02732 -1.93645 -0.46798 0.02748
-3.59 0.02760 -1.90562 -0.45721 0.02775
-3.58 0.02788 -1.87517 -0.44663 0.02803
-3.57 0.02816 -1.84511 -0.43624 0.02831
-3.56 0.02844 -1.81543 -0.42603 0.02859
-3.55 0.02872 -1.78612 -0.41600 0.02887
-3.54 0.02901 -1.75718 -0.40615 0.02916
-3.53 0.02930 -1.72861 -0.39647 0.02944
-3.52 0.02960 -1.70040 -0.38697 0.02974
-3.51 0.02990 -1.67255 -0.37764 0.03003
-3.50 0.03020 -1.64505 -0.36848 0.03033
-3.49 0.03050 -1.61791 -0.35948 0.03063
-3.48 0.03081 -1.59112 -0.35064 0.03094
-3.47 0.03112 -1.56467 -0.34196 0.03124
-3.46 0.03143 -1.53856 -0.33344 0.03155
-3.45 0.03175 -1.51279 -0.32507 0.03187
-3.44 0.03206 -1.48735 -0.31686 0.03218
-3.43 0.03239 -1.46225 -0.30879 0.03250
-3.42 0.03271 -1.43747 -0.30087 0.03283
-3.41 0.03304 -1.41302 -0.29309 0.03315
-3.40 0.03337 -1.38889 -0.28545 0.03348
-3.39 0.03371 -1.36507 -0.27796 0.03382
-3.38 0.03405 -1.34157 -0.27059 0.03415
-3.37 0.03439 -1.31838 -0.26337 0.03449
-3.36 0.03474 -1.29549 -0.25627 0.03484
-3.35 0.03508 -1.27291 -0.24931 0.03519
-3.34 0.03544 -1.25063 -0.24247 0.03554
-3.33 0.03579 -1.22864 -0.23576 0.03589
-3.32 0.03615 -1.20696 -0.22916 0.03625
-3.31 0.03652 -1.18556 -0.22269 0.03661
-3.30 0.03688 -1.16445 -0.21634 0.03698
-3.29 0.03725 -1.14362 -0.21011 0.03734
-3.28 0.03763 -1.12307 -0.20399 0.03772
-3.27 0.03801 -1.10281 -0.19798 0.03809
-3.26 0.03839 -1.08281 -0.19208 0.03847
-3.25 0.03877 -1.06309 -0.18629 0.03886
-3.24 0.03916 -1.04364 -0.18061 0.03925
-3.23 0.03956 -1.02446 -0.17503 0.03964
-3.22 0.03996 -1.00554 -0.16956 0.04003
-3.21 0.04036 -0.98687 -0.16418 0.04043
-3.20 0.04076 -0.96847 -0.15890 0.04084
-3.19 0.04117 -0.95032 -0.15372 0.04125
-3.18 0.04159 -0.93242 -0.14864 0.04166
-3.17 0.04200 -0.91477 -0.14364 0.04207
-3.16 0.04243 -0.89736 -0.13874 0.04250
-3.15 0.04285 -0.88020 -0.13393 0.04292
-3.14 0.04328 -0.86328 -0.12921 0.04335
-3.13 0.04372 -0.84659 -0.12457 0.04378
-3.12 0.04416 -0.83014 -0.12002 0.04422
-3.11 0.04460 -0.81392 -0.11555 0.04466
-3.10 0.04505 -0.79793 -0.11117 0.04511
-3.09 0.04550 -0.78216 -0.10686 0.04556
-3.08 0.04596 -0.76662 -0.10263 0.04602
-3.07 0.04642 -0.75129 -0.09848 0.04648
-3.06 0.04689 -0.73619 -0.09440 0.04694
-3.05 0.04736 -0.72130 -0.09040 0.04741
-3.04 0.04783 -0.70663 -0.08646 0.04789
-3.03 0.04832 -0.69216 -0.08260 0.04837
-3.02 0.04880 -0.67790 -0.07881 0.04885
-3.01 0.04929 -0.66385 -0.07509 0.04934
-3.00 0.04979 -0.65000 -0.07143 0.04984
-2.99 0.05029 -0.63635 -0.06784 0.05034
-2.98 0.05079 -0.62290 -0.06431 0.05084
-2.97 0.05130 -0.60964 -0.06084 0.05135
-2.96 0.05182 -0.59657 -0.05743 0.05186
-2.95 0.05234 -0.58370 -0.05409 0.05238
-2.94 0.05287 -0.57101 -0.05080 0.05291
-2.93 0.05340 -0.55851 -0.04757 0.05344
-2.92 0.05393 -0.54619 -0.04439 0.05398
-2.91 0.05448 -0.53405 -0.04127 0.05452
-2.90 0.05502 -0.52209 -0.03821 0.05506
-2.89 0.05558 -0.51031 -0.03519 0.05562
-2.88 0.05613 -0.49870 -0.03223 0.05617
-2.87 0.05670 -0.48726 -0.02932 0.05674
-2.86 0.05727 -0.47599 -0.02645 0.05731
-2.85 0.05784 -0.46489 -0.02363 0.05788
-2.84 0.05843 -0.45395 -0.02086 0.05846
-2.83 0.05901 -0.44317 -0.01814 0.05905
-2.82 0.05961 -0.43256 -0.01546 0.05964
-2.81 0.06020 -0.42210 -0.01282 0.06024
-2.80 0.06081 -0.41180 -0.01022 0.06084
-2.79 0.06142 -0.40165 -0.00767 0.06145
-2.78 0.06204 -0.39165 -0.00515 0.06207
-2.77 0.06266 -0.38181 -0.00268 0.06269
-2.76 0.06329 -0.37211 -0.00024 0.06332
-2.75 0.06393 -0.36256 0.00216 0.06396
-2.74 0.06457 -0.35315 0.00452 0.06460
-2.73 0.06522 -0.34388 0.00685 0.06525
-2.72 0.06587 -0.33475 0.00914 0.06590
-2.71 0.06654 -0.32576 0.01140 0.06656
-2.70 0.06721 -0.31690 0.01363 0.06723
-2.69 0.06788 -0.30818 0.01583 0.06791
-2.68 0.06856 -0.29959 0.01799 0.06859
-2.67 0.06925 -0.29113 0.02013 0.06928
-2.66 0.06995 -0.28280 0.02224 0.06997
-2.65 0.07065 -0.27459 0.02431 0.07067
-2.64 0.07136 -0.26651 0.02636 0.07138
-2.63 0.07208 -0.25855 0.02839 0.07210
-2.62 0.07280 -0.25071 0.03039 0.07282
-2.61 0.07353 -0.24299 0.03236 0.07355
-2.60 0.07427 -0.23538 0.03431 0.07429
-2.59 0.07502 -0.22789 0.03623 0.07504
-2.58 0.07577 -0.22051 0.03813 0.07579
-2.57 0.07654 -0.21325 0.04001 0.07655
-2.56 0.07730 -0.20609 0.04187 0.07732
-2.55 0.07808 -0.19904 0.04371 0.07810
-2.54 0.07887 -0.19210 0.04553 0.07888
-2.53 0.07966 -0.18527 0.04733 0.07968
-2.52 0.08046 -0.17853 0.04911 0.08048
-2.51 0.08127 -0.17190 0.05087 0.08128
-2.50 0.08208 -0.16536 0.05262 0.08210
-2.49 0.08291 -0.15893 0.05435 0.08292
-2.48 0.08374 -0.15259 0.05606 0.08376
-2.47 0.08458 -0.14634 0.05776 0.08460
-2.46 0.08543 -0.14019 0.05944 0.08545
-2.45 0.08629 -0.13413 0.06111 0.08631
-2.44 0.08716 -0.12816 0.06277 0.08717
-2.43 0.08804 -0.12228 0.06441 0.08805
-2.42 0.08892 -0.11649 0.06604 0.08893
-2.41 0.08982 -0.11078 0.06766 0.08983
-2.40 0.09072 -0.10515 0.06927 0.09073
-2.39 0.09163 -0.09961 0.07086 0.09164
-2.38 0.09255 -0.09415 0.07245 0.09256
-2.37 0.09348 -0.08876 0.07403 0.09349
-2.36 0.09442 -0.08346 0.07560 0.09443
-2.35 0.09537 -0.07823 0.07716 0.09538
-2.34 0.09633 -0.07308 0.07871 0.09634
-2.33 0.09730 -0.06800 0.08026 0.09730
-2.32 0.09827 -0.06299 0.08180 0.09828
-2.31 0.09926 -0.05806 0.08333 0.09927
-2.30 0.10026 -0.05319 0.08486 0.10027
-2.29 0.10127 -0.04839 0.08638 0.10127
-2.28 0.10228 -0.04366 0.08790 0.10229
-2.27 0.10331 -0.03900 0.08941 0.10332
-2.26 0.10435 -0.03440 0.09092 0.10436
-2.25 0.10540 -0.02986 0.09242 0.10541
-2.24 0.10646 -0.02538 0.09392 0.10647
-2.23 0.10753 -0.02097 0.09542 0.10754
-2.22 0.10861 -0.01661 0.09692 0.10862
-2.21 0.10970 -0.01231 0.09842 0.10971
-2.20 0.11080 -0.00807 0.09991 0.11081
-2.19 0.11192 -0.00388 0.10141 0.11192
-2.18 0.11304 0.00025 0.10290 0.11305
-2.17 0.11418 0.00433 0.10439 0.11418
-2.16 0.11533 0.00836 0.10589 0.11533
-2.15 0.11648 0.01233 0.10738 0.11649
-2.14 0.11765 0.01626 0.10888 0.11766
-2.13 0.11884 0.02014 0.11037 0.11884
-2.12 0.12003 0.02397 0.11187 0.12004
-2.11 0.12124 0.02776 0.11337 0.12124
-2.10 0.12246 0.03150 0.11488 0.12246
-2.09 0.12369 0.03519 0.11639 0.12369
-2.08 0.12493 0.03885 0.11790 0.12493
-2.07 0.12619 0.04246 0.11941 0.12619
-2.06 0.12745 0.04603 0.12093 0.12746
-2.05 0.12873 0.04956 0.12246 0.12874
-2.04 0.13003 0.05306 0.12399 0.13003
-2.03 0.13134 0.05651 0.12552 0.13134
-2.02 0.13266 0.05993 0.12706 0.13266
-2.01 0.13399 0.06332 0.12861 0.13399
-2.00 0.13534 0.06667 0.13016 0.13534
-1.99 0.13670 0.06998 0.13172 0.13670
-1.98 0.13807 0.07327 0.13328 0.13807
-1.97 0.13946 0.07652 0.13486 0.13946
-1.96 0.14086 0.07974 0.13644 0.14086
-1.95 0.14227 0.08294 0.13803 0.14228
-1.94 0.14370 0.08610 0.13962 0.14371
-1.93 0.14515 0.08924 0.14123 0.14515
-1.92 0.14661 0.09235 0.14284 0.14661
-1.91 0.14808 0.09544 0.14447 0.14808
-1.90 0.14957 0.09850 0.14610 0.14957
-1.89 0.15107 0.10153 0.14775 0.15107
-1.88 0.15259 0.10455 0.14940 0.15259
-1.87 0.15412 0.10754 0.15106 0.15413
-1.86 0.15567 0.11051 0.15274 0.15567
-1.85 0.15724 0.11346 0.15442 0.15724
-1.84 0.15882 0.11639 0.15612 0.15882
-1.83 0.16041 0.11930 0.15783 0.16042
-1.82 0.16203 0.12220 0.15955 0.16203
-1.81 0.16365 0.12507 0.16128 0.16366
-1.80 0.16530 0.12794 0.16303 0.16530
-1.79 0.16696 0.13078 0.16479 0.16696
-1.78 0.16864 0.13361 0.16656 0.16864
-1.77 0.17033 0.13643 0.16834 0.17033
-1.76 0.17204 0.13924 0.17014 0.17205
-1.75 0.17377 0.14203 0.17195 0.17378
-1.74 0.17552 0.14482 0.17378 0.17552
-1.73 0.17728 0.14759 0.17562 0.17729
-1.72 0.17907 0.15035 0.17748 0.17907
-1.71 0.18087 0.15310 0.17935 0.18087
-1.70 0.18268 0.15585 0.18123 0.18268
-1.69 0.18452 0.15859 0.18313 0.18452
-1.68 0.18637 0.16132 0.18505 0.18637
-1.67 0.18825 0.16404 0.18698 0.18825
-1.66 0.19014 0.16677 0.18893 0.19014
-1.65 0.19205 0.16948 0.19090 0.19205
-1.64 0.19398 0.17219 0.19288 0.19398
-1.63 0.19593 0.17490 0.19489 0.19593
-1.62 0.19790 0.17761 0.19690 0.19790
-1.61 0.19989 0.18031 0.19894 0.19989
-1.60 0.20190 0.18302 0.20099 0.20190
-1.59 0.20393 0.18572 0.20307 0.20393
-1.58 0.20598 0.18843 0.20516 0.20598
-1.57 0.20805 0.19113 0.20727 0.20805
-1.56 0.21014 0.19384 0.20940 0.21014
-1.55 0.21225 0.19655 0.21154 0.21225
-1.54 0.21438 0.19926 0.21371 0.21438
-1.53 0.21654 0.20198 0.21590 0.21654
-1.52 0.21871 0.20470 0.21811 0.21871
-1.51 0.22091 0.20742 0.22034 0.22091
-1.50 0.22313 0.21016 0.22259 0.22313
-1.49 0.22537 0.21289 0.22486 0.22537
-1.48 0.22764 0.21564 0.22715 0.22764
-1.47 0.22993 0.21839 0.22946 0.22993
-1.46 0.23224 0.22115 0.23180 0.23224
-1.45 0.23457 0.22392 0.23415 0.23457
-1.44 0.23693 0.22670 0.23653 0.23693
-1.43 0.23931 0.22949 0.23894 0.23931
-1.42 0.24171 0.23228 0.24136 0.24171
-1.41 0.24414 0.23509 0.24381 0.24414
-1.40 0.24660 0.23791 0.24628 0.24660
-1.39 0.24908 0.24075 0.24878 0.24908
-1.38 0.25158 0.24359 0.25130 0.25158
-1.37 0.25411 0.24645 0.25384 0.25411
-1.36 0.25666 0.24933 0.25641 0.25666
-1.35 0.25924 0.25222 0.25900 0.25924
-1.34 0.26185 0.25512 0.26162 0.26185
-1.33 0.26448 0.25804 0.26427 0.26448
-1.32 0.26714 0.26097 0.26694 0.26714
-1.31 0.26982 0.26393 0.26963 0.26982
-1.30 0.27253 0.26690 0.27236 0.27253
-1.29 0.27527 0.26988 0.27510 0.27527
-1.28 0.27804 0.27289 0.27788 0.27804
-1.27 0.28083 0.27591 0.28068 0.28083
-1.26 0.28365 0.27896 0.28352 0.28365
-1.25 0.28650 0.28202 0.28638 0.28650
-1.24 0.28938 0.28511 0.28926 0.28938
-1.23 0.29229 0.28821 0.29218 0.29229
-1.22 0.29523 0.29134 0.29512 0.29523
-1.21 0.29820 0.29449 0.29810 0.29820
-1.20 0.30119 0.29766 0.30110 0.30119
-1.19 0.30422 0.30086 0.30413 0.30422
-1.18 0.30728 0.30408 0.30720 0.30728
-1.17 0.31037 0.30732 0.31029 0.31037
-1.16 0.31349 0.31059 0.31341 0.31349
-1.15 0.31664 0.31388 0.31657 0.31664
-1.14 0.31982 0.31720 0.31976 0.31982
-1.13 0.32303 0.32055 0.32297 0.32303
-1.12 0.32628 0.32392 0.32623 0.32628
-1.11 0.32956 0.32732 0.32951 0.32956
-1.10 0.33287 0.33075 0.33282 0.33287
-1.09 0.33622 0.33421 0.33617 0.33622
-1.08 0.33960 0.33769 0.33955 0.33960
-1.07 0.34301 0.34120 0.34297 0.34301
-1.06 0.34646 0.34475 0.34642 0.34646
-1.05 0.34994 0.34832 0.34990 0.34994
-1.04 0.35345 0.35193 0.35342 0.35345
-1.03 0.35701 0.35556 0.35698 0.35701
-1.02 0.36059 0.35923 0.36057 0.36059
-1.01 0.36422 0.36293 0.36419 0.36422
-1.00 0.36788 0.36667 0.36786 0.36788
-0.99 0.37158 0.37043 0.37156 0.37158
-0.98 0.37531 0.37423 0.37529 0.37531
-0.97 0.37908 0.37807 0.37907 0.37908
-0.96 0.38289 0.38194 0.38288 0.38289
-0.95 0.38674 0.38584 0.38673 0.38674
-0.94 0.39063 0.38978 0.39061 0.39063
-0.93 0.39455 0.39376 0.39454 0.39455
-0.92 0.39852 0.39778 0.39851 0.39852
-0.91 0.40252 0.40183 0.40251 0.40252
-0.90 0.40657 0.40592 0.40656 0.40657
-0.89 0.41066 0.41004 0.41065 0.41066
-0.88 0.41478 0.41421 0.41477 0.41478
-0.87 0.41895 0.41842 0.41894 0.41895
-0.86 0.42316 0.42266 0.42316 0.42316
-0.85 0.42741 0.42695 0.42741 0.42741
-0.84 0.43171 0.43128 0.43170 0.43171
-0.83 0.43605 0.43564 0.43604 0.43605
-0.82 0.44043 0.44005 0.44043 0.44043
-0.81 0.44486 0.44451 0.44485 0.44486
-0.80 0.44933 0.44900 0.44933 0.44933
-0.79 0.45384 0.45354 0.45384 0.45384
-0.78 0.45841 0.45812 0.45840 0.45841
-0.77 0.46301 0.46275 0.46301 0.46301
-0.76 0.46767 0.46743 0.46766 0.46767
-0.75 0.47237 0.47214 0.47236 0.47237
-0.74 0.47711 0.47691 0.47711 0.47711
-0.73 0.48191 0.48172 0.48191 0.48191
-0.72 0.48675 0.48658 0.48675 0.48675
-0.71 0.49164 0.49148 0.49164 0.49164
-0.70 0.49659 0.49644 0.49658 0.49659
-0.69 0.50158 0.50144 0.50157 0.50158
-0.68 0.50662 0.50649 0.50662 0.50662
-0.67 0.51171 0.51159 0.51171 0.51171
-0.66 0.51685 0.51675 0.51685 0.51685
-0.65 0.52205 0.52195 0.52205 0.52205
-0.64 0.52729 0.52721 0.52729 0.52729
-0.63 0.53259 0.53251 0.53259 0.53259
-0.62 0.53794 0.53787 0.53794 0.53794
-0.61 0.54335 0.54329 0.54335 0.54335
-0.60 0.54881 0.54875 0.54881 0.54881
-0.59 0.55433 0.55427 0.55433 0.55433
-0.58 0.55990 0.55985 0.55990 0.55990
-0.57 0.56553 0.56548 0.56553 0.56553
-0.56 0.57121 0.57117 0.57121 0.57121
-0.55 0.57695 0.57691 0.57695 0.57695
-0.54 0.58275 0.58272 0.58275 0.58275
-0.53 0.58860 0.58858 0.58860 0.58860
-0.52 0.59452 0.59450 0.59452 0.59452
-0.51 0.60050 0.60047 0.60050 0.60050
-0.50 0.60653 0.60651 0.60653 0.60653
-0.49 0.61263 0.61261 0.61263 0.61263
-0.48 0.61878 0.61877 0.61878 0.61878
-0.47 0.62500 0.62499 0.62500 0.62500
-0.46 0.63128 0.63127 0.63128 0.63128
-0.45 0.63763 0.63762 0.63763 0.63763
-0.44 0.64404 0.64403 0.64404 0.64404
-0.43 0.65051 0.65050 0.65051 0.65051
-0.42 0.65705 0.65704 0.65705 0.65705
-0.41 0.66365 0.66364 0.66365 0.66365
-0.40 0.67032 0.67031 0.67032 0.67032
-0.39 0.67706 0.67705 0.67706 0.67706
-0.38 0.68386 0.68386 0.68386 0.68386
-0.37 0.69073 0.69073 0.69073 0.69073
-0.36 0.69768 0.69767 0.69768 0.69768
-0.35 0.70469 0.70469 0.70469 0.70469
-0.34 0.71177 0.71177 0.71177 0.71177
-0.33 0.71892 0.71892 0.71892 0.71892
-0.32 0.72615 0.72615 0.72615 0.72615
-0.31 0.73345 0.73345 0.73345 0.73345
-0.30 0.74082 0.74082 0.74082 0.74082
-0.29 0.74826 0.74826 0.74826 0.74826
-0.28 0.75578 0.75578 0.75578 0.75578
-0.27 0.76338 0.76338 0.76338 0.76338
-0.26 0.77105 0.77105 0.77105 0.77105
-0.25 0.77880 0.77880 0.77880 0.77880
-0.24 0.78663 0.78663 0.78663 0.78663
-0.23 0.79453 0.79453 0.79453 0.79453
-0.22 0.80252 0.80252 0.80252 0.80252
-0.21 0.81058 0.81058 0.81058 0.81058
-0.20 0.81873 0.81873 0.81873 0.81873
-0.19 0.82696 0.82696 0.82696 0.82696
-0.18 0.83527 0.83527 0.83527 0.83527
-0.17 0.84366 0.84366 0.84366 0.84366
-0.16 0.85214 0.85214 0.85214 0.85214
-0.15 0.86071 0.86071 0.86071 0.86071
-0.14 0.86936 0.86936 0.86936 0.86936
-0.13 0.87810 0.87810 0.87810 0.87810
-0.12 0.88692 0.88692 0.88692 0.88692
-0.11 0.89583 0.89583 0.89583 0.89583
-0.10 0.90484 0.90484 0.90484 0.90484
-0.09 0.91393 0.91393 0.91393 0.91393
-0.08 0.92312 0.92312 0.92312 0.92312
-0.07 0.93239 0.93239 0.93239 0.93239
-0.06 0.94176 0.94176 0.94176 0.94176
-0.05 0.95123 0.95123 0.95123 0.95123
-0.04 0.96079 0.96079 0.96079 0.96079
-0.03 0.97045 0.97045 0.97045 0.97045
-0.02 0.98020 0.98020 0.98020 0.98020
-0.01 0.99005 0.99005 0.99005 0.99005
-0.00 1.00000 1.00000 1.00000 1.00000
0.01 1.01005 1.01005 1.01005 1.01005
0.02 1.02020 1.02020 1.02020 1.02020
0.03 1.03045 1.03045 1.03045 1.03045
0.04 1.04081 1.04081 1.04081 1.04081
0.05 1.05127 1.05127 1.05127 1.05127
0.06 1.06184 1.06184 1.06184 1.06184
0.07 1.07251 1.07251 1.07251 1.07251
0.08 1.08329 1.08329 1.08329 1.08329
0.09 1.09417 1.09417 1.09417 1.09417
0.10 1.10517 1.10517 1.10517 1.10517
0.11 1.11628 1.11628 1.11628 1.11628
0.12 1.12750 1.12750 1.12750 1.12750
0.13 1.13883 1.13883 1.13883 1.13883
0.14 1.15027 1.15027 1.15027 1.15027
0.15 1.16183 1.16183 1.16183 1.16183
0.16 1.17351 1.17351 1.17351 1.17351
0.17 1.18530 1.18530 1.18530 1.18530
0.18 1.19722 1.19722 1.19722 1.19722
0.19 1.20925 1.20925 1.20925 1.20925
0.20 1.22140 1.22140 1.22140 1.22140
0.21 1.23368 1.23368 1.23368 1.23368
0.22 1.24608 1.24608 1.24608 1.24608
0.23 1.25860 1.25860 1.25860 1.25860
0.24 1.27125 1.27125 1.27125 1.27125
0.25 1.28403 1.28403 1.28403 1.28403
0.26 1.29693 1.29693 1.29693 1.29693
0.27 1.30996 1.30996 1.30996 1.30996
0.28 1.32313 1.32313 1.32313 1.32313
0.29 1.33643 1.33643 1.33643 1.33643
0.30 1.34986 1.34986 1.34986 1.34986
0.31 1.36343 1.36342 1.36343 1.36343
0.32 1.37713 1.37713 1.37713 1.37713
0.33 1.39097 1.39097 1.39097 1.39097
0.34 1.40495 1.40495 1.40495 1.40495
0.35 1.41907 1.41906 1.41907 1.41907
0.36 1.43333 1.43333 1.43333 1.43333
0.37 1.44773 1.44773 1.44773 1.44773
0.38 1.46228 1.46228 1.46228 1.46228
0.39 1.47698 1.47698 1.47698 1.47698
0.40 1.49182 1.49182 1.49182 1.49182
0.41 1.50682 1.50681 1.50682 1.50682
0.42 1.52196 1.52195 1.52196 1.52196
0.43 1.53726 1.53725 1.53726 1.53726
0.44 1.55271 1.55270 1.55271 1.55271
0.45 1.56831 1.56830 1.56831 1.56831
0.46 1.58407 1.58406 1.58407 1.58407
0.47 1.59999 1.59998 1.59999 1.59999
0.48 1.61607 1.61606 1.61607 1.61607
0.49 1.63232 1.63230 1.63232 1.63232
0.50 1.64872 1.64870 1.64872 1.64872
0.51 1.66529 1.66526 1.66529 1.66529
0.52 1.68203 1.68200 1.68203 1.68203
0.53 1.69893 1.69890 1.69893 1.69893
0.54 1.71601 1.71597 1.71601 1.71601
0.55 1.73325 1.73321 1.73325 1.73325
0.56 1.75067 1.75063 1.75067 1.75067
0.57 1.76827 1.76822 1.76827 1.76827
0.58 1.78604 1.78598 1.78604 1.78604
0.59 1.80399 1.80392 1.80399 1.80399
0.60 1.82212 1.82205 1.82212 1.82212
0.61 1.84043 1.84035 1.84043 1.84043
0.62 1.85893 1.85884 1.85893 1.85893
0.63 1.87761 1.87752 1.87761 1.87761
0.64 1.89648 1.89638 1.89648 1.89648
0.65 1.91554 1.91543 1.91554 1.91554
0.66 1.93479 1.93467 1.93479 1.93479
0.67 1.95424 1.95410 1.95424 1.95424
0.68 1.97388 1.97373 1.97388 1.97388
0.69 1.99372 1.99355 1.99371 1.99372
0.70 2.01375 2.01357 2.01375 2.01375
0.71 2.03399 2.03379 2.03399 2.03399
0.72 2.05443 2.05422 2.05443 2.05443
0.73 2.07508 2.07485 2.07508 2.07508
0.74 2.09594 2.09568 2.09593 2.09594
0.75 2.11700 2.11672 2.11700 2.11700
0.76 2.13828 2.13798 2.13827 2.13828
0.77 2.15977 2.15944 2.15976 2.15977
0.78 2.18147 2.18112 2.18147 2.18147
0.79 2.20340 2.20302 2.20339 2.20340
0.80 2.22554 2.22513 2.22554 2.22554
0.81 2.24791 2.24747 2.24790 2.24791
0.82 2.27050 2.27002 2.27049 2.27050
0.83 2.29332 2.29280 2.29331 2.29332
0.84 2.31637 2.31581 2.31636 2.31637
0.85 2.33965 2.33905 2.33964 2.33965
0.86 2.36316 2.36252 2.36315 2.36316
0.87 2.38691 2.38622 2.38690 2.38691
0.88 2.41090 2.41016 2.41089 2.41090
0.89 2.43513 2.43434 2.43512 2.43513
0.90 2.45960 2.45876 2.45959 2.45960
0.91 2.48432 2.48342 2.48431 2.48432
0.92 2.50929 2.50832 2.50928 2.50929
0.93 2.53451 2.53348 2.53449 2.53451
0.94 2.55998 2.55888 2.55996 2.55998
0.95 2.58571 2.58453 2.58569 2.58571
0.96 2.61170 2.61044 2.61168 2.61170
0.97 2.63794 2.63661 2.63792 2.63794
0.98 2.66446 2.66303 2.66443 2.66446
0.99 2.69123 2.68972 2.69121 2.69123
1.00 2.71828 2.71667 2.71825 2.71828
1.01 2.74560 2.74388 2.74557 2.74560
1.02 2.77319 2.77137 2.77316 2.77319
1.03 2.80107 2.79913 2.80103 2.80107
1.04 2.82922 2.82716 2.82918 2.82922
1.05 2.85765 2.85547 2.85761 2.85765
1.06 2.88637 2.88406 2.88633 2.88637
1.07 2.91538 2.91293 2.91533 2.91538
1.08 2.94468 2.94208 2.94463 2.94468
1.09 2.97427 2.97153 2.97422 2.97427
1.10 3.00417 3.00126 3.00411 3.00417
1.11 3.03436 3.03128 3.03429 3.03436
1.12 3.06485 3.06160 3.06478 3.06485
1.13 3.09566 3.09222 3.09558 3.09566
1.14 3.12677 3.12314 3.12669 3.12677
1.15 3.15819 3.15437 3.15811 3.15819
1.16 3.18993 3.18590 3.18984 3.18993
1.17 3.22199 3.21773 3.22189 3.22199
1.18 3.25437 3.24989 3.25427 3.25437
1.19 3.28708 3.28235 3.28697 3.28708
1.20 3.32012 3.31514 3.31999 3.32012
1.21 3.35348 3.34824 3.35335 3.35348
1.22 3.38719 3.38167 3.38705 3.38719
1.23 3.42123 3.41542 3.42108 3.42123
1.24 3.45561 3.44951 3.45545 3.45561
1.25 3.49034 3.48393 3.49017 3.49034
1.26 3.52542 3.51868 3.52524 3.52542
1.27 3.56085 3.55377 3.56066 3.56085
1.28 3.59664 3.58921 3.59643 3.59664
1.29 3.63279 3.62499 3.63257 3.63279
1.30 3.66930 3.66111 3.66906 3.66930
1.31 3.70617 3.69759 3.70592 3.70617
1.32 3.74342 3.73442 3.74315 3.74342
1.33 3.78104 3.77161 3.78076 3.78104
1.34 3.81904 3.80916 3.81874 3.81904
1.35 3.85743 3.84708 3.85710 3.85742
1.36 3.89619 3.88536 3.89585 3.89619
1.37 3.93535 3.92401 3.93499 3.93535
1.38 3.97490 3.96303 3.97452 3.97490
1.39 4.01485 4.00244 4.01444 4.01485
1.40 4.05520 4.04222 4.05477 4.05520
1.41 4.09596 4.08239 4.09550 4.09595
1.42 4.13712 4.12294 4.13664 4.13712
1.43 4.17870 4.16388 4.17819 4.17869
1.44 4.22070 4.20522 4.22015 4.22069
1.45 4.26311 4.24696 4.26254 4.26311
1.46 4.30596 4.28909 4.30535 4.30595
1.47 4.34924 4.33163 4.34859 4.34923
1.48 4.39295 4.37458 4.39226 4.39294
1.49 4.43710 4.41794 4.43638 4.43709
1.50 4.48169 4.46172 4.48093 4.48168
1.51 4.52673 4.50591 4.52593 4.52672
1.52 4.57223 4.55053 4.57138 4.57222
1.53 4.61818 4.59557 4.61728 4.61817
1.54 4.66459 4.64105 4.66365 4.66458
1.55 4.71147 4.68695 4.71048 4.71146
1.56 4.75882 4.73329 4.75777 4.75881
1.57 4.80665 4.78008 4.80554 4.80664
1.58 4.85496 4.82731 4.85379 4.85494
1.59 4.90375 4.87498 4.90252 4.90374
1.60 4.95303 4.92311 4.95174 4.95302
1.61 5.00281 4.97170 5.00145 5.00280
1.62 5.05309 5.02075 5.05166 5.05307
1.63 5.10387 5.07026 5.10237 5.10386
1.64 5.15517 5.12024 5.15359 5.15515
1.65 5.20698 5.17069 5.20532 5.20696
1.66 5.25931 5.22161 5.25757 5.25929
1.67 5.31217 5.27302 5.31033 5.31214
1.68 5.36556 5.32491 5.36363 5.36553
1.69 5.41948 5.37729 5.41746 5.41945
1.70 5.47395 5.43016 5.47182 5.47392
1.71 5.52896 5.48353 5.52673 5.52893
1.72 5.58453 5.53739 5.58219 5.58450
1.73 5.64065 5.59177 5.63820 5.64062
1.74 5.69734 5.64665 5.69477 5.69731
1.75 5.75460 5.70204 5.75191 5.75456
1.76 5.81244 5.75795 5.80961 5.81240
1.77 5.87085 5.81439 5.86790 5.87081
1.78 5.92986 5.87135 5.92676 5.92981
1.79 5.98945 5.92884 5.98621 5.98940
1.80 6.04965 5.98686 6.04625 6.04960
1.81 6.11045 6.04543 6.10689 6.11039
1.82 6.17186 6.10454 6.16814 6.17180
1.83 6.23389 6.16419 6.22999 6.23382
1.84 6.29654 6.22440 6.29247 6.29647
1.85 6.35982 6.28517 6.35556 6.35975
1.86 6.42374 6.34649 6.41929 6.42366
1.87 6.48830 6.40839 6.48364 6.48822
1.88 6.55350 6.47085 6.54864 6.55342
1.89 6.61937 6.53389 6.61429 6.61928
1.90 6.68589 6.59751 6.68059 6.68580
1.91 6.75309 6.66172 6.74755 6.75299
1.92 6.82096 6.72651 6.81517 6.82085
1.93 6.88951 6.79190 6.88347 6.88940
1.94 6.95875 6.85789 6.95245 6.95863
1.95 7.02869 6.92448 7.02211 7.02856
1.96 7.09933 6.99168 7.09247 7.09919
1.97 7.17068 7.05949 7.16352 7.17054
1.98 7.24274 7.12793 7.23529 7.24259
1.99 7.31553 7.19698 7.30776 7.31538
2.00 7.38906 7.26667 7.38095 7.38889
2.01 7.46332 7.33698 7.45487 7.46314
2.02 7.53832 7.40794 7.52953 7.53814
2.03 7.61409 7.47954 7.60492 7.61389
2.04 7.69061 7.55179 7.68106 7.69040
2.05 7.76790 7.62469 7.75796 7.76768
2.06 7.84597 7.69825 7.83562 7.84574
2.07 7.92482 7.77247 7.91405 7.92458
2.08 8.00447 7.84737 7.99326 8.00421
2.09 8.08492 7.92293 8.07325 8.08464
2.10 8.16617 7.99918 8.15403 8.16588
2.11 8.24824 8.07611 8.23562 8.24794
2.12 8.33114 8.15373 8.31801 8.33081
2.13 8.41487 8.23205 8.40122 8.41453
2.14 8.49944 8.31107 8.48525 8.49908
2.15 8.58486 8.39079 8.57011 8.58448
2.16 8.67114 8.47123 8.65581 8.67074
2.17 8.75828 8.55238 8.74236 8.75786
2.18 8.84631 8.63426 8.82976 8.84586
2.19 8.93521 8.71686 8.91803 8.93474
2.20 9.02501 8.80020 9.00717 9.02452
2.21 9.11572 8.88428 9.09718 9.11520
2.22 9.20733 8.96910 9.18809 9.20678
2.23 9.29987 9.05468 9.27989 9.29929
2.24 9.39333 9.14101 9.37260 9.39272
2.25 9.48774 9.22810 9.46623 9.48710
2.26 9.58309 9.31596 9.56077 9.58242
2.27 9.67940 9.40460 9.65625 9.67869
2.28 9.77668 9.49401 9.75267 9.77594
2.29 9.87494 9.58421 9.85004 9.87415
2.30 9.97418 9.67520 9.94836 9.97336
2.31 10.07442 9.76699 10.04765 10.07356
2.32 10.17567 9.85958 10.14792 10.17476
2.33 10.27794 9.95298 10.24918 10.27698
2.34 10.38124 10.04719 10.35143 10.38023
2.35 10.48557 10.14223 10.45469 10.48451
2.36 10.59095 10.23810 10.55896 10.58984
2.37 10.69739 10.33479 10.66425 10.69622
2.38 10.80490 10.43233 10.77058 10.80368
2.39 10.91349 10.53072 10.87795 10.91221
2.40 11.02318 10.62995 10.98637 11.02182
2.41 11.13396 10.73005 11.09586 11.13254
2.42 11.24586 10.83101 11.20642 11.24437
2.43 11.35888 10.93284 11.31806 11.35732
2.44 11.47304 11.03554 11.43080 11.47140
2.45 11.58835 11.13913 11.54464 11.58662
2.46 11.70481 11.24362 11.65959 11.70300
2.47 11.82245 11.34899 11.77567 11.82055
2.48 11.94126 11.45527 11.89289 11.93927
2.49 12.06128 11.56247 12.01124 12.05919
2.50 12.18249 11.67057 12.13076 12.18030
2.51 12.30493 11.77960 12.25144 12.30263
2.52 12.42860 11.88956 12.37330 12.42619
2.53 12.55351 12.00046 12.49635 12.55098
2.54 12.67967 12.11230 12.62060 12.67703
2.55 12.80710 12.22509 12.74606 12.80433
2.56 12.93582 12.33883 12.87274 12.93291
2.57 13.06582 12.45354 13.00066 13.06278
2.58 13.19714 12.56922 13.12982 13.19395
2.59 13.32977 12.68587 13.26024 13.32643
2.60 13.46374 12.80351 13.39193 13.46024
2.61 13.59905 12.92215 13.52489 13.59539
2.62 13.73572 13.04177 13.65915 13.73189
2.63 13.87377 13.16241 13.79472 13.86976
2.64 14.01320 13.28405 13.93160 14.00901
2.65 14.15404 13.40672 14.06981 14.14965
2.66 14.29629 13.53041 14.20936 14.29169
2.67 14.43997 13.65513 14.35026 14.43516
2.68 14.58509 13.78090 14.49253 14.58006
2.69 14.73168 13.90771 14.63617 14.72641
2.70 14.87973 14.03558 14.78121 14.87423
2.71 15.02928 14.16451 14.92765 15.02352
2.72 15.18032 14.29451 15.07551 15.17430
2.73 15.33289 14.42559 15.22479 15.32659
2.74 15.48699 14.55775 15.37552 15.48040
2.75 15.64263 14.69101 15.52771 15.63575
2.76 15.79984 14.82536 15.68136 15.79265
2.77 15.95863 14.96082 15.83650 15.95112
2.78 16.11902 15.09740 15.99313 16.11117
2.79 16.28102 15.23510 16.15127 16.27282
2.80 16.44465 15.37393 16.31094 16.43608
2.81 16.60992 15.51390 16.47214 16.60096
2.82 16.77685 15.65501 16.63490 16.76750
2.83 16.94546 15.79728 16.79922 16.93569
2.84 17.11577 15.94071 16.96512 17.10557
2.85 17.28778 16.08530 17.13261 17.27713
2.86 17.46153 16.23108 17.30171 17.45041
2.87 17.63702 16.37803 17.47244 17.62541
2.88 17.81427 16.52619 17.64480 17.80216
2.89 17.99331 16.67554 17.81882 17.98066
2.90 18.17415 16.82610 17.99450 18.16095
2.91 18.35680 16.97788 18.17187 18.34303
2.92 18.54129 17.13088 18.35093 18.52692
2.93 18.72763 17.28512 18.53171 18.71264
2.94 18.91585 17.44060 18.71422 18.90021
2.95 19.10595 17.59732 18.89847 19.08964
2.96 19.29797 17.75531 19.08448 19.28096
2.97 19.49192 17.91456 19.27226 19.47417
2.98 19.68782 18.07509 19.46184 19.66931
2.99 19.88568 18.23690 19.65322 19.86639
3.00 20.08554 18.40000 19.84643 20.06542
3.01 20.28740 18.56440 20.04148 20.26643
3.02 20.49129 18.73011 20.23838 20.46943
3.03 20.69723 18.89714 20.43716 20.67445
3.04 20.90524 19.06549 20.63782 20.88150
3.05 21.11534 19.23518 20.84040 21.09060
3.06 21.32756 19.40621 21.04490 21.30177
3.07 21.54190 19.57859 21.25133 21.51504
3.08 21.75840 19.75233 21.45973 21.73042
3.09 21.97708 19.92744 21.67010 21.94792
3.10 22.19795 20.10393 21.88246 22.16758
3.11 22.42104 20.28181 22.09684 22.38942
3.12 22.64638 20.46108 22.31324 22.61344
3.13 22.87398 20.64176 22.53169 22.83968
3.14 23.10387 20.82385 22.75220 23.06815
3.15 23.33606 21.00737 22.97479 23.29888
3.16 23.57060 21.19231 23.19949 23.53188
3.17 23.80748 21.37870 23.42630 23.76719
3.18 24.04675 21.56654 23.65526 24.00481
3.19 24.28843 21.75584 23.88637 24.24477
3.20 24.53253 21.94660 24.11965 24.48710
3.21 24.77909 22.13885 24.35513 24.73181
3.22 25.02812 22.33258 24.59282 24.97892
3.23 25.27966 22.52781 24.83275 25.22847
3.24 25.53372 22.72454 25.07493 25.48047
3.25 25.79034 22.92279 25.31938 25.73494
3.26 26.04954 23.12257 25.56613 25.99192
3.27 26.31134 23.32388 25.81518 26.25141
3.28 26.57577 23.52674 26.06657 26.51344
3.29 26.84286 23.73115 26.32031 26.77804
3.30 27.11264 23.93712 26.57643 27.04524
3.31 27.38513 24.14467 26.83494 27.31504
3.32 27.66035 24.35380 27.09586 27.58748
3.33 27.93834 24.56452 27.35922 27.86259
3.34 28.21913 24.77685 27.62503 28.14038
3.35 28.50273 24.99078 27.89333 28.42088
3.36 28.78919 25.20635 28.16412 28.70412
3.37 29.07853 25.42354 28.43743 28.99011
3.38 29.37077 25.64238 28.71329 29.27889
3.39 29.66595 25.86287 28.99171 29.57047
3.40 29.96410 26.08502 29.27271 29.86489
3.41 30.26524 26.30884 29.55632 30.16217
3.42 30.56942 26.53435 29.84257 30.46233
3.43 30.87664 26.76156 30.13147 30.76541
3.44 31.18696 26.99046 30.42304 31.07141
3.45 31.50039 27.22108 30.71731 31.38038
3.46 31.81698 27.45343 31.01431 31.69233
3.47 32.13674 27.68751 31.31405 32.00730
3.48 32.45972 27.92333 31.61656 32.32530
3.49 32.78595 28.16091 31.92186 32.64637
3.50 33.11545 28.40026 32.22998 32.97053
3.51 33.44827 28.64139 32.54094 33.29781
3.52 33.78443 28.88430 32.85476 33.62824
3.53 34.12397 29.12901 33.17147 33.96183
3.54 34.46692 29.37553 33.49110 34.29862
3.55 34.81332 29.62387 33.81366 34.63864
3.56 35.16320 29.87404 34.13918 34.98191
3.57 35.51659 30.12605 34.46769 35.32846
3.58 35.87354 30.37992 34.79921 35.67831
3.59 36.23408 30.63564 35.13378 36.03150
3.60 36.59823 30.89325 35.47140 36.38805
3.61 36.96605 31.15274 35.81212 36.74799
3.62 37.33757 31.41412 36.15595 37.11134
3.63 37.71282 31.67742 36.50292 37.47814
3.64 38.09184 31.94263 36.85306 37.84842
3.65 38.47467 32.20977 37.20639 38.22219
3.66 38.86134 32.47885 37.56294 38.59949
3.67 39.25191 32.74989 37.92275 38.98035
3.68 39.64639 33.02289 38.28582 39.36479
3.69 40.04485 33.29787 38.65220 39.75284
3.70 40.44730 33.57483 39.02191 40.14453
3.71 40.85381 33.85380 39.39498 40.53989
3.72 41.26439 34.13477 39.77143 40.93895
3.73 41.67911 34.41777 40.15130 41.34173
3.74 42.09799 34.70279 40.53460 41.74827
3.75 42.52108 34.98987 40.92138 42.15859
3.76 42.94843 35.27900 41.31166 42.57272
3.77 43.38006 35.57020 41.70546 42.99068
3.78 43.81604 35.86348 42.10283 43.41251
3.79 44.25640 36.15885 42.50377 43.83824
3.80 44.70118 36.45633 42.90834 44.26789
3.81 45.15044 36.75592 43.31655 44.70149
3.82 45.60421 37.05765 43.72843 45.13907
3.83 46.06254 37.36151 44.14402 45.58065
3.84 46.52547 37.66753 44.56335 46.02627
3.85 46.99306 37.97571 44.98644 46.47595
3.86 47.46535 38.28607 45.41334 46.92973
3.87 47.94239 38.59862 45.84406 47.38762
3.88 48.42422 38.91337 46.27864 47.84965
3.89 48.91089 39.23033 46.71711 48.31586
3.90 49.40245 39.54952 47.15950 48.78627
3.91 49.89895 39.87095 47.60585 49.26091
3.92 50.40044 40.19463 48.05619 49.73980
3.93 50.90698 40.52058 48.51054 50.22297
3.94 51.41860 40.84880 48.96895 50.71045
3.95 51.93537 41.17931 49.43145 51.20227
3.96 52.45733 41.51213 49.89806 51.69845
3.97 52.98453 41.84726 50.36882 52.19901
3.98 53.51703 42.18472 50.84377 52.70398
3.99 54.05489 42.52451 51.32293 53.21340
4.00 54.59815 42.86667 51.80635 53.72727
4.01 55.14687 43.21119 52.29405 54.24564
4.02 55.70111 43.55808 52.78608 54.76851
4.03 56.26091 43.90738 53.28246 55.29593
4.04 56.82634 44.25907 53.78323 55.82790
4.05 57.39746 44.61319 54.28843 56.36446
4.06 57.97431 44.96974 54.79809 56.90562
4.07 58.55696 45.32873 55.31225 57.45142
4.08 59.14547 45.69018 55.83094 58.00187
4.09 59.73989 46.05411 56.35420 58.55699
4.10 60.34029 46.42052 56.88206 59.11682
4.11 60.94672 46.78943 57.41457 59.68135
4.12 61.55924 47.16085 57.95175 60.25063
4.13 62.17792 47.53480 58.49365 60.82466
4.14 62.80282 47.91129 59.04031 61.40347
4.15 63.43400 48.29034 59.59175 61.98708
4.16 64.07152 48.67195 60.14803 62.57550
4.17 64.71545 49.05614 60.70917 63.16876
4.18 65.36585 49.44292 61.27522 63.76686
4.19 66.02279 49.83232 61.84621 64.36983
4.20 66.68633 50.22434 62.42218 64.97769
4.21 67.35654 50.61899 63.00318 65.59044
4.22 68.03348 51.01630 63.58924 66.20810
4.23 68.71723 51.41627 64.18040 66.83068
4.24 69.40785 51.81892 64.77671 67.45821
4.25 70.10541 52.22426 65.37819 68.09068
4.26 70.80998 52.63231 65.98490 68.72811
4.27 71.52164 53.04308 66.59687 69.37052
4.28 72.24044 53.45659 67.21414 70.01791
4.29 72.96647 53.87285 67.83676 70.67028
4.30 73.69979 54.29187 68.46477 71.32765
4.31 74.44049 54.71368 69.09821 71.99003
4.32 75.18863 55.13828 69.73712 72.65741
4.33 75.94429 55.56568 70.38154 73.32981
4.34 76.70754 55.99591 71.03152 74.00722
4.35 77.47846 56.42898 71.68710 74.68965
4.36 78.25713 56.86490 72.34832 75.37711
4.37 79.04363 57.30369 73.01523 76.06958
4.38 79.83803 57.74537 73.68786 76.76707
4.39 80.64042 58.18994 74.36628 77.46958
4.40 81.45087 58.63742 75.05051 78.17709
4.41 82.26946 59.08783 75.74061 78.88962
4.42 83.09629 59.54118 76.43661 79.60715
4.43 83.93142 59.99749 77.13857 80.32967
4.44 84.77494 60.45678 77.84653 81.05718
4.45 85.62694 60.91905 78.56053 81.78965
4.46 86.48751 61.38433 79.28063 82.52709
4.47 87.35672 61.85262 80.00686 83.26948
4.48 88.23467 62.32395 80.73928 84.01680
4.49 89.12145 62.79833 81.47793 84.76904
4.50 90.01713 63.27578 82.22287 85.52617
4.51 90.92182 63.75631 82.97413 86.28818
4.52 91.83560 64.23993 83.73176 87.05504
4.53 92.75856 64.72667 84.49582 87.82673
4.54 93.69080 65.21654 85.26635 88.60323
4.55 94.63241 65.70955 86.04341 89.38451
4.56 95.58348 66.20572 86.82703 90.17054
4.57 96.54411 66.70506 87.61728 90.96128
4.58 97.51439 67.20760 88.41419 91.75671
4.59 98.49443 67.71334 89.21783 92.55680
4.60 99.48432 68.22231 90.02824 93.36149
4.61 100.48415 68.73452 90.84547 94.17076
4.62 101.49403 69.24999 91.66957 94.98456
4.63 102.51406 69.76873 92.50060 95.80285
4.64 103.54435 70.29076 93.33860 96.62559
4.65 104.58499 70.81609 94.18364 97.45272
4.66 105.63608 71.34475 95.03576 98.28420
4.67 106.69774 71.87674 95.89501 99.11997
4.68 107.77007 72.41209 96.76145 99.95999
4.69 108.85318 72.95081 97.63512 100.80418
4.70 109.94717 73.49292 98.51610 101.65250
4.71 111.05216 74.03844 99.40442 102.50489
4.72 112.16825 74.58737 100.30015 103.36127
4.73 113.29556 75.13974 101.20334 104.22158
4.74 114.43420 75.69557 102.11404 105.08575
4.75 115.58428 76.25487 103.03231 105.95371
4.76 116.74593 76.81767 103.95821 106.82539
4.77 117.91924 77.38396 104.89178 107.70071
4.78 119.10435 77.95378 105.83310 108.57958
4.79 120.30137 78.52714 106.78221 109.46194
4.80 121.51042 79.10406 107.73918 110.34768
4.81 122.73162 79.68456 108.70405 111.23673
4.82 123.96509 80.26865 109.67689 112.12899
4.83 125.21096 80.85634 110.65776 113.02437
4.84 126.46935 81.44767 111.64672 113.92278
4.85 127.74039 82.04264 112.64382 114.82411
4.86 129.02420 82.64127 113.64913 115.72826
4.87 130.32092 83.24358 114.66270 116.63514
4.88 131.63066 83.84959 115.68459 117.54462
4.89 132.95357 84.45932 116.71487 118.45661
4.90 134.28978 85.07277 117.75359 119.37098
4.91 135.63941 85.68999 118.80082 120.28763
4.92 137.00261 86.31096 119.85662 121.20642
4.93 138.37951 86.93573 120.92106 122.12725
4.94 139.77025 87.56430 121.99418 123.04998
4.95 141.17496 88.19670 123.07606 123.97450
4.96 142.59380 88.83294 124.16677 124.90066
4.97 144.02689 89.47303 125.26635 125.82833
4.98 145.47438 90.11701 126.37488 126.75738
4.99 146.93642 90.76488 127.49243 127.68767
5.00 148.41316 91.41667 128.61905 128.61905
5.01 149.90474 92.07239 129.75481 129.55138
5.02 151.41130 92.73206 130.89978 130.48452
5.03 152.93301 93.39570 132.05402 131.41830
5.04 154.47002 94.06333 133.21760 132.35259
5.05 156.02246 94.73497 134.39059 133.28721
5.06 157.59052 95.41064 135.57306 134.22202
5.07 159.17433 96.09035 136.76506 135.15684
5.08 160.77406 96.77412 137.96667 136.09153
5.09 162.38986 97.46198 139.17796 137.02590
5.10 164.02191 98.15394 140.39900 137.95979
5.11 165.67035 98.85002 141.62985 138.89302
5.12 167.33537 99.55025 142.87059 139.82543
5.13 169.01712 100.25463 144.12128 140.75683
5.14 170.71577 100.96319 145.38199 141.68704
5.15 172.43149 101.67595 146.65281 142.61588
5.16 174.16446 102.39293 147.93379 143.54318
5.17 175.91484 103.11414 149.22501 144.46873
5.18 177.68281 103.83961 150.52654 145.39236
5.19 179.46855 104.56936 151.83846 146.31386
5.20 181.27224 105.30340 153.16083 147.23306
5.21 183.09406 106.04176 154.49373 148.14974
5.22 184.93418 106.78445 155.83724 149.06373
5.23 186.79280 107.53150 157.19143 149.97481
5.24 188.67010 108.28293 158.55637 150.88279
5.25 190.56627 109.03875 159.93213 151.78747
5.26 192.48149 109.79898 161.31881 152.68864
5.27 194.41596 110.56365 162.71646 153.58610
5.28 196.36988 111.33277 164.12516 154.47964
5.29 198.34343 112.10637 165.54501 155.36906
5.30 200.33681 112.88446 166.97606 156.25415
5.31 202.35023 113.66707 168.41840 157.13470
5.32 204.38388 114.45422 169.87210 158.01050
5.33 206.43797 115.24592 171.33726 158.88134
5.34 208.51271 116.04220 172.81393 159.74700
5.35 210.60830 116.84308 174.30222 160.60729
5.36 212.72495 117.64857 175.80218 161.46198
5.37 214.86287 118.45871 177.31391 162.31086
5.38 217.02228 119.27350 178.83749 163.15372
5.39 219.20339 120.09298 180.37299 163.99035
5.40 221.40642 120.91715 181.92051 164.82054
5.41 223.63159 121.74605 183.48011 165.64407
5.42 225.87912 122.57969 185.05189 166.46073
5.43 228.14925 123.41810 186.63593 167.27032
5.44 230.44218 124.26129 188.23231 168.07263
5.45 232.75817 125.10929 189.84111 168.86743
5.46 235.09742 125.96212 191.46243 169.65454
5.47 237.46019 126.81979 193.09634 170.43373
5.48 239.84671 127.68234 194.74294 171.20481
5.49 242.25721 128.54978 196.40230 171.96757
5.50 244.69193 129.42214 198.07452 172.72181
5.51 247.15113 130.29942 199.75968 173.46733
5.52 249.63504 131.18167 201.45787 174.20392
5.53 252.14391 132.06890 203.16918 174.93140
5.54 254.67800 132.96112 204.89369 175.64956
5.55 257.23756 133.85837 206.63150 176.35823
5.56 259.82284 134.76066 208.38270 177.05719
5.57 262.43410 135.66802 210.14738 177.74628
5.58 265.07161 136.58047 211.92562 178.42531
5.59 267.73562 137.49802 213.71751 179.09408
5.60 270.42641 138.42071 215.52316 179.75244
5.61 273.14424 139.34856 217.34265 180.40019
5.62 275.88938 140.28158 219.17608 181.03718
5.63 278.66212 141.21980 221.02353 181.66322
5.64 281.46272 142.16325 222.88511 182.27816
5.65 284.29147 143.11194 224.76090 182.88184
5.66 287.14864 144.06589 226.65100 183.47410
5.67 290.03453 145.02514 228.55551 184.05478
5.68 292.94943 145.98970 230.47453 184.62375
5.69 295.89362 146.95959 232.40814 185.18084
5.70 298.86740 147.93484 234.35645 185.72592
5.71 301.87107 148.91547 236.31955 186.25887
5.72 304.90492 149.90151 238.29754 186.77953
5.73 307.96927 150.89298 240.29052 187.28780
5.74 311.06441 151.88989 242.29859 187.78354
5.75 314.19066 152.89228 244.32186 188.26664
5.76 317.34833 153.90016 246.36041 188.73699
5.77 320.53773 154.91357 248.41435 189.19448
5.78 323.75919 155.93251 250.48378 189.63900
5.79 327.01302 156.95703 252.56880 190.07047
5.80 330.29956 157.98713 254.66952 190.48878
5.81 333.61913 159.02285 256.78604 190.89385
5.82 336.97205 160.06420 258.91847 191.28561
5.83 340.35868 161.11122 261.06689 191.66397
5.84 343.77934 162.16392 263.23143 192.02887
5.85 347.23438 163.22233 265.41219 192.38024
5.86 350.72414 164.28648 267.60927 192.71801
5.87 354.24898 165.35638 269.82278 193.04215
5.88 357.80924 166.43206 272.05282 193.35259
5.89 361.40528 167.51355 274.29951 193.64930
5.90 365.03747 168.60086 276.56294 193.93223
5.91 368.70616 169.69403 278.84324 194.20136
5.92 372.41171 170.79308 281.14051 194.45667
5.93 376.15451 171.89803 283.45485 194.69812
5.94 379.93493 173.00890 285.78639 194.92572
5.95 383.75334 174.12573 288.13523 195.13943
5.96 387.61012 175.24853 290.50148 195.33928
5.97 391.50567 176.37734 292.88525 195.52524
5.98 395.44037 177.51217 295.28666 195.69734
5.99 399.41461 178.65305 297.70583 195.85559
6.00 403.42879 179.80000 300.14286 196.00000
6.01 407.48332 180.95305 302.59787 196.13060
6.02 411.57860 182.11223 305.07097 196.24741
6.03 415.71503 183.27756 307.56229 196.35048
6.04 419.89303 184.44907 310.07193 196.43984
6.05 424.11303 185.62677 312.60002 196.51553
6.06 428.37544 186.81070 315.14667 196.57761
6.07 432.68068 188.00089 317.71200 196.62613
6.08 437.02919 189.19735 320.29614 196.66115
6.09 441.42141 190.40011 322.89919 196.68273
6.10 445.85777 191.60920 325.52128 196.69094
6.11 450.33872 192.82464 328.16253 196.68587
6.12 454.86469 194.04646 330.82307 196.66758
6.13 459.43616 195.27469 333.50301 196.63616
6.14 464.05357 196.50935 336.20248 196.59169
6.15 468.71739 197.75046 338.92160 196.53427
6.16 473.42807 198.99806 341.66049 196.46400
6.17 478.18611 200.25217 344.41929 196.38097
6.18 482.99196 201.51281 347.19810 196.28529
6.19 487.84611 202.78001 349.99708 196.17706
6.20 492.74904 204.05380 352.81632 196.05640
6.21 497.70125 205.33421 355.65598 195.92342
6.22 502.70323 206.62125 358.51617 195.77824
6.23 507.75548 207.91497 361.39702 195.62098
6.24 512.85851 209.21537 364.29866 195.45177
6.25 518.01282 210.52250 367.22122 195.27074
6.26 523.21894 211.83638 370.16484 195.07801
6.27 528.47738 213.15702 373.12963 194.87372
6.28 533.78866 214.48447 376.11575 194.65801
6.29 539.15333 215.81875 379.12331 194.43102
6.30 544.57191 217.15988 382.15246 194.19288
6.31 550.04495 218.50790 385.20332 193.94375
6.32 555.57299 219.86282 388.27603 193.68377
6.33 561.15659 221.22468 391.37073 193.41309
6.34 566.79631 222.59350 394.48755 193.13186
6.35 572.49271 223.96932 397.62663 192.84023
6.36 578.24636 225.35215 400.78811 192.53836
6.37 584.05783 226.74203 403.97212 192.22640
6.38 589.92771 228.13898 407.17881 191.90452
6.39 595.85658 229.54304 410.40831 191.57286
6.40 601.84504 230.95422 413.66076 191.23160
6.41 607.89368 232.37256 416.93631 190.88089
6.42 614.00311 233.79808 420.23510 190.52089
6.43 620.17395 235.23082 423.55727 190.15177
6.44 626.40680 236.67080 426.90296 189.77369
6.45 632.70229 238.11805 430.27232 189.38683
6.46 639.06106 239.57260 433.66549 188.99133
6.47 645.48373 241.03447 437.08262 188.58738
6.48 651.97095 242.50370 440.52385 188.17513
6.49 658.52336 243.98030 443.98933 187.75476
6.50 665.14163 245.46432 447.47921 187.32642
6.51 671.82642 246.95578 450.99363 186.89030
6.52 678.57839 248.45471 454.53276 186.44655
6.53 685.39821 249.96113 458.09672 185.99534
6.54 692.28658 251.47508 461.68569 185.53684
6.55 699.24417 252.99659 465.29980 185.07121
6.56 706.27169 254.52568 468.93921 184.59863
6.57 713.36984 256.06238 472.60407 184.11926
6.58 720.53933 257.60672 476.29454 183.63325
6.59 727.78087 259.15873 480.01077 183.14079
6.60 735.09519 260.71845 483.75292 182.64203
6.61 742.48302 262.28589 487.52113 182.13713
6.62 749.94510 263.86109 491.31558 181.62626
6.63 757.48217 265.44409 495.13641 181.10958
6.64 765.09499 267.03489 498.98379 180.58724
6.65 772.78433 268.63355 502.85787 180.05942
6.66 780.55094 270.24009 506.75882 179.52626
6.67 788.39560 271.85453 510.68678 178.98793
6.68 796.31911 273.47691 514.64194 178.44458
6.69 804.32225 275.10725 518.62444 177.89636
6.70 812.40583 276.74560 522.63445 177.34343
6.71 820.57064 278.39197 526.67214 176.78594
6.72 828.81751 280.04639 530.73767 176.22404
6.73 837.14727 281.70891 534.83120 175.65788
6.74 845.56074 283.37954 538.95290 175.08761
6.75 854.05876 285.05833 543.10294 174.51337
6.76 862.64220 286.74529 547.28149 173.93532
6.77 871.31189 288.44046 551.48871 173.35358
6.78 880.06872 290.14387 555.72477 172.76830
6.79 888.91356 291.85555 559.98985 172.17963
6.80 897.84729 293.57553 564.28411 171.58770
6.81 906.87081 295.30385 568.60774 170.99264
6.82 915.98501 297.04053 572.96089 170.39460
6.83 925.19081 298.78560 577.34375 169.79370
6.84 934.48913 300.53910 581.75648 169.19007
6.85 943.88091 302.30105 586.19927 168.58385
6.86 953.36707 304.07150 590.67229 167.97515
6.87 962.94857 305.85046 595.17572 167.36411
6.88 972.62636 307.63798 599.70973 166.75085
6.89 982.40142 309.43407 604.27451 166.13550
6.90 992.27472 311.23878 608.87023 165.51816
6.91 1002.24724 313.05214 613.49707 164.89896
6.92 1012.31999 314.87417 618.15522 164.27801
6.93 1022.49398 316.70492 622.84485 163.65543
6.94 1032.77021 318.54440 627.56616 163.03133
6.95 1043.14973 320.39266 632.31932 162.40583
6.96 1053.63356 322.24972 637.10452 161.77902
6.97 1064.22275 324.11562 641.92195 161.15102
6.98 1074.91837 325.99039 646.77178 160.52192
6.99 1085.72148 327.87406 651.65422 159.89184
7.00 1096.63316 329.76667 656.56944 159.26087
7.01 1107.65450 331.66824 661.51764 158.62911
7.02 1118.78662 333.57881 666.49901 157.99666
7.03 1130.03061 335.49841 671.51374 157.36362
7.04 1141.38761 337.42708 676.56201 156.73007
7.05 1152.85874 339.36485 681.64403 156.09610
7.06 1164.44517 341.31174 686.75999 155.46182
7.07 1176.14803 343.26780 691.91007 154.82730
7.08 1187.96852 345.23305 697.09448 154.19263
7.09 1199.90780 347.20754 702.31342 153.55789
7.10 1211.96707 349.19128 707.56708 152.92318
7.11 1224.14755 351.18433 712.85565 152.28855
7.12 1236.45043 353.18670 718.17935 151.65411
7.13 1248.87697 355.19843 723.53836 151.01991
7.14 1261.42839 357.21956 728.93290 150.38605
7.15 1274.10596 359.25012 734.36315 149.75258
7.16 1286.91093 361.29014 739.82933 149.11959
7.17 1299.84460 363.33966 745.33164 148.48714
7.18 1312.90826 365.39871 750.87028 147.85530
7.19 1326.10321 367.46732 756.44547 147.22413
7.20 1339.43076 369.54554 762.05740 146.59371
7.21 1352.89227 371.63338 767.70628 145.96410
7.22 1366.48906 373.73090 773.39233 145.33535
7.23 1380.22250 375.83811 779.11575 144.70753
7.24 1394.09397 377.95506 784.87676 144.08069
7.25 1408.10485 380.08178 790.67556 143.45490
7.26 1422.25654 382.21830 796.51237 142.83021
7.27 1436.55045 384.36467 802.38740 142.20667
7.28 1450.98803 386.52090 808.30087 141.58434
7.29 1465.57070 388.68705 814.25299 140.96326
7.30 1480.29993 390.86314 820.24398 140.34349
7.31 1495.17719 393.04920 826.27405 139.72508
7.32 1510.20397 395.24528 832.34343 139.10807
7.33 1525.38177 397.45141 838.45234 138.49250
7.34 1540.71211 399.66762 844.60099 137.87843
7.35 1556.19653 401.89395 850.78960 137.26589
7.36 1571.83656 404.13044 857.01841 136.65493
7.37 1587.63378 406.37711 863.28763 136.04559
7.38 1603.58977 408.63401 869.59749 135.43790
7.39 1619.70611 410.90116 875.94821 134.83191
7.40 1635.98443 413.17862 882.34002 134.22765
7.41 1652.42635 415.46640 888.77315 133.62515
7.42 1669.03351 417.76456 895.24782 133.02446
7.43 1685.80757 420.07311 901.76428 132.42559
7.44 1702.75022 422.39211 908.32274 131.82860
7.45 1719.86315 424.72158 914.92343 131.23350
7.46 1737.14806 427.06157 921.56661 130.64032
7.47 1754.60669 429.41210 928.25248 130.04910
7.48 1772.24078 431.77321 934.98130 129.45987
7.49 1790.05209 434.14495 941.75330 128.87264
7.50 1808.04241 436.52734 948.56871 128.28745
7.51 1826.21354 438.92043 955.42777 127.70432
7.52 1844.56729 441.32425 962.33073 127.12327
7.53 1863.10550 443.73883 969.27782 126.54433
7.54 1881.83003 446.16422 976.26928 125.96751
7.55 1900.74273 448.60045 983.30536 125.39285
7.56 1919.84551 451.04756 990.38629 124.82035
7.57 1939.14028 453.50558 997.51234 124.25005
7.58 1958.62897 455.97456 1004.68373 123.68194
7.59 1978.31351 458.45452 1011.90072 123.11607
7.60 1998.19590 460.94551 1019.16356 122.55243
7.61 2018.27810 463.44757 1026.47249 121.99105
7.62 2038.56213 465.96073 1033.82777 121.43194
7.63 2059.05002 468.48502 1041.22964 120.87512
7.64 2079.74382 471.02050 1048.67837 120.32060
7.65 2100.64559 473.56719 1056.17419 119.76839
7.66 2121.75743 476.12513 1063.71737 119.21850
7.67 2143.08145 478.69436 1071.30816 118.67095
7.68 2164.61977 481.27492 1078.94683 118.12575
7.69 2186.37456 483.86685 1086.63362 117.58290
7.70 2208.34799 486.47018 1094.36879 117.04242
7.71 2230.54226 489.08496 1102.15262 116.50431
7.72 2252.95958 491.71122 1109.98535 115.96859
7.73 2275.60220 494.34900 1117.86725 115.43526
7.74 2298.47238 496.99833 1125.79859 114.90432
7.75 2321.57241 499.65927 1133.77963 114.37579
7.76 2344.90461 502.33184 1141.81064 113.84967
7.77 2368.47129 505.01609 1149.89187 113.32597
7.78 2392.27482 507.71205 1158.02361 112.80468
7.79 2416.31758 510.41976 1166.20613 112.28582
7.80 2440.60198 513.13926 1174.43968 111.76938
7.81 2465.13044 515.87060 1182.72455 111.25538
7.82 2489.90541 518.61381 1191.06100 110.74381
7.83 2514.92937 521.36892 1199.44932 110.23468
7.84 2540.20483 524.13599 1207.88977 109.72798
7.85 2565.73432 526.91504 1216.38264 109.22373
7.86 2591.52038 529.70613 1224.92819 108.72192
7.87 2617.56559 532.50928 1233.52672 108.22254
7.88 2643.87256 535.32454 1242.17850 107.72561
7.89 2670.44392 538.15194 1250.88382 107.23112
7.90 2697.28233 540.99154 1259.64294 106.73907
7.91 2724.39047 543.84336 1268.45617 106.24945
7.92 2751.77105 546.70745 1277.32378 105.76228
7.93 2779.42680 549.58385 1286.24606 105.27754
7.94 2807.36051 552.47260 1295.22331 104.79524
7.95 2835.57495 555.37373 1304.25579 104.31537
7.96 2864.07295 558.28730 1313.34382 103.83793
7.97 2892.85736 561.21333 1322.48767 103.36291
7.98 2921.93106 564.15188 1331.68765 102.89032
7.99 2951.29696 567.10298 1340.94404 102.42014
8.00 2980.95799 570.06667 1350.25714 101.95238
8.01 3010.91711 573.04299 1359.62725 101.48703
8.02 3041.17733 576.03199 1369.05466 101.02409
8.03 3071.74167 579.03370 1378.53968 100.56355
8.04 3102.61319 582.04817 1388.08260 100.10541
8.05 3133.79497 585.07544 1397.68372 99.64966
8.06 3165.29013 588.11555 1407.34336 99.19629
8.07 3197.10183 591.16854 1417.06180 98.74531
8.08 3229.23324 594.23445 1426.83936 98.29670
8.09 3261.68757 597.31332 1436.67635 97.85045
8.10 3294.46808 600.40520 1446.57306 97.40657
8.11 3327.57803 603.51013 1456.52982 96.96505
8.12 3361.02075 606.62815 1466.54693 96.52588
8.13 3394.79957 609.75930 1476.62470 96.08904
8.14 3428.91787 612.90363 1486.76344 95.65455
8.15 3463.37907 616.06117 1496.96348 95.22238
8.16 3498.18660 619.23197 1507.22512 94.79253
8.17 3533.34396 622.41607 1517.54869 94.36499
8.18 3568.85466 625.61351 1527.93450 93.93976
8.19 3604.72225 628.82434 1538.38287 93.51683
8.20 3640.95031 632.04860 1548.89412 93.09618
8.21 3677.54247 635.28633 1559.46858 92.67782
8.22 3714.50238 638.53758 1570.10656 92.26173
8.23 3751.83375 641.80238 1580.80840 91.84790
8.24 3789.54031 645.08078 1591.57442 91.43634
8.25 3827.62582 648.37283 1602.40495 91.02701
8.26 3866.09410 651.67856 1613.30032 90.61993
8.27 3904.94899 654.99802 1624.26085 90.21508
8.28 3944.19438 658.33126 1635.28688 89.81244
8.29 3983.83419 661.67831 1646.37875 89.41202
8.30 4023.87239 665.03922 1657.53679 89.01381
8.31 4064.31298 668.41404 1668.76133 88.61778
8.32 4105.16001 671.80281 1680.05271 88.22394
8.33 4146.41755 675.20557 1691.41127 87.83228
8.34 4188.08974 678.62236 1702.83735 87.44278
8.35 4230.18074 682.05323 1714.33129 87.05543
8.36 4272.69477 685.49823 1725.89344 86.67024
8.37 4315.63606 688.95740 1737.52414 86.28718
8.38 4359.00893 692.43078 1749.22374 85.90624
8.39 4402.81769 695.91841 1760.99257 85.52743
8.40 4447.06675 699.42035 1772.83100 85.15072
8.41 4491.76051 702.93664 1784.73938 84.77611
8.42 4536.90346 706.46731 1796.71804 84.40358
8.43 4582.50009 710.01242 1808.76736 84.03314
8.44 4628.55498 713.57202 1820.88767 83.66476
8.45 4675.07274 717.14614 1833.07934 83.29844
8.46 4722.05800 720.73482 1845.34273 82.93416
8.47 4769.51547 724.33813 1857.67819 82.57193
8.48 4817.44990 727.95610 1870.08608 82.21172
8.49 4865.86607 731.58877 1882.56677 81.85353
8.50 4914.76884 735.23620 1895.12062 81.49734
8.51 4964.16309 738.89842 1907.74799 81.14316
8.52 5014.05376 742.57549 1920.44926 80.79096
8.53 5064.44583 746.26745 1933.22478 80.44073
8.54 5115.34436 749.97434 1946.07492 80.09248
8.55 5166.75443 753.69621 1959.00007 79.74617
8.56 5218.68117 757.43311 1972.00058 79.40182
8.57 5271.12979 761.18509 1985.07684 79.05940
8.58 5324.10553 764.95218 1998.22922 78.71890
8.59 5377.61368 768.73444 2011.45809 78.38032
8.60 5431.65959 772.53191 2024.76383 78.04364
8.61 5486.24868 776.34465 2038.14683 77.70886
8.62 5541.38639 780.17268 2051.60746 77.37596
8.63 5597.07825 784.01607 2065.14612 77.04494
8.64 5653.32982 787.87486 2078.76317 76.71578
8.65 5710.14673 791.74909 2092.45901 76.38847
8.66 5767.53466 795.63882 2106.23402 76.06301
8.67 5825.49935 799.54409 2120.08860 75.73938
8.68 5884.04659 803.46494 2134.02314 75.41757
8.69 5943.18224 807.40143 2148.03802 75.09757
8.70 6002.91222 811.35360 2162.13364 74.77938
8.71 6063.24249 815.32151 2176.31039 74.46297
8.72 6124.17909 819.30518 2190.56868 74.14835
8.73 6185.72811 823.30469 2204.90890 73.83551
8.74 6247.89571 827.32006 2219.33145 73.52442
8.75 6310.68811 831.35136 2233.83673 73.21508
8.76 6374.11158 835.39862 2248.42515 72.90749
8.77 6438.17246 839.46191 2263.09710 72.60163
8.78 6502.87717 843.54125 2277.85301 72.29749
8.79 6568.23218 847.63671 2292.69326 71.99506
8.80 6634.24401 851.74833 2307.61829 71.69433
8.81 6700.91927 855.87616 2322.62848 71.39529
8.82 6768.26463 860.02025 2337.72427 71.09794
8.83 6836.28682 864.18065 2352.90605 70.80226
8.84 6904.99264 868.35740 2368.17426 70.50824
8.85 6974.38897 872.55055 2383.52930 70.21587
8.86 7044.48274 876.76016 2398.97159 69.92514
8.87 7115.28097 880.98628 2414.50156 69.63605
8.88 7186.79074 885.22894 2430.11963 69.34858
8.89 7259.01918 889.48821 2445.82623 69.06272
8.90 7331.97354 893.76412 2461.62177 68.77847
8.91 7405.66110 898.05674 2477.50669 68.49581
8.92 7480.08923 902.36611 2493.48141 68.21473
8.93 7555.26538 906.69227 2509.54637 67.93523
8.94 7631.19706 911.03529 2525.70200 67.65729
8.95 7707.89186 915.39520 2541.94874 67.38091
8.96 7785.35746 919.77206 2558.28701 67.10608
8.97 7863.60161 924.16592 2574.71726 66.83278
8.98 7942.63212 928.57683 2591.23993 66.56102
8.99 8022.45690 933.00484 2607.85546 66.29077
9.00 8103.08393 937.45000 2624.56429 66.02203
9.01 8184.52127 941.91236 2641.36686 65.75479
9.02 8266.77708 946.39197 2658.26362 65.48904
9.03 8349.85957 950.88888 2675.25502 65.22477
9.04 8433.77706 955.40314 2692.34151 64.96197
9.05 8518.53792 959.93480 2709.52355 64.70064
9.06 8604.15065 964.48392 2726.80157 64.44076
9.07 8690.62381 969.05055 2744.17605 64.18233
9.08 8777.96603 973.63473 2761.64743 63.92534
9.09 8866.18605 978.23651 2779.21617 63.66977
9.10 8955.29270 982.85596 2796.88274 63.41562
9.11 9045.29489 987.49311 2814.64759 63.16288
9.12 9136.20162 992.14803 2832.51119 62.91155
9.13 9228.02197 996.82076 2850.47401 62.66160
9.14 9320.76513 1001.51136 2868.53651 62.41304
9.15 9414.44038 1006.21987 2886.69916 62.16586
9.16 9509.05708 1010.94635 2904.96243 61.92004
9.17 9604.62469 1015.69085 2923.32680 61.67558
9.18 9701.15277 1020.45342 2941.79273 61.43248
9.19 9798.65098 1025.23412 2960.36072 61.19071
9.20 9897.12906 1030.03300 2979.03122 60.95027
9.21 9996.59686 1034.85011 2997.80473 60.71116
9.22 10097.06433 1039.68550 3016.68172 60.47337
9.23 10198.54151 1044.53923 3035.66269 60.23689
9.24 10301.03856 1049.41134 3054.74810 60.00170
9.25 10404.56572 1054.30190 3073.93846 59.76781
9.26 10509.13334 1059.21095 3093.23425 59.53520
9.27 10614.75189 1064.13854 3112.63596 59.30386
9.28 10721.43192 1069.08474 3132.14409 59.07380
9.29 10829.18410 1074.04959 3151.75912 58.84499
9.30 10938.01921 1079.03315 3171.48156 58.61744
9.31 11047.94813 1084.03546 3191.31190 58.39113
9.32 11158.98185 1089.05659 3211.25064 58.16605
9.33 11271.13149 1094.09659 3231.29829 57.94221
9.34 11384.40824 1099.15551 3251.45535 57.71958
9.35 11498.82345 1104.23341 3271.72233 57.49817
9.36 11614.38854 1109.33034 3292.09973 57.27796
9.37 11731.11509 1114.44635 3312.58806 57.05895
9.38 11849.01475 1119.58149 3333.18784 56.84113
9.39 11968.09933 1124.73583 3353.89958 56.62449
9.40 12088.38073 1129.90942 3374.72379 56.40903
9.41 12209.87098 1135.10231 3395.66099 56.19474
9.42 12332.58222 1140.31455 3416.71170 55.98160
9.43 12456.52673 1145.54620 3437.87644 55.76962
9.44 12581.71691 1150.79732 3459.15574 55.55878
9.45 12708.16526 1156.06796 3480.55012 55.34908
9.46 12835.88445 1161.35817 3502.06010 55.14052
9.47 12964.88723 1166.66802 3523.68622 54.93307
9.48 13095.18651 1171.99755 3545.42901 54.72675
9.49 13226.79533 1177.34682 3567.28900 54.52153
9.50 13359.72683 1182.71589 3589.26672 54.31742
9.51 13493.99432 1188.10481 3611.36271 54.11440
9.52 13629.61121 1193.51363 3633.57752 53.91247
9.53 13766.59108 1198.94242 3655.91167 53.71163
9.54 13904.94762 1204.39123 3678.36572 53.51185
9.55 14044.69467 1209.86012 3700.94021 53.31315
9.56 14185.84620 1215.34914 3723.63569 53.11551
9.57 14328.41632 1220.85834 3746.45270 52.91892
9.58 14472.41930 1226.38779 3769.39180 52.72338
9.59 14617.86953 1231.93754 3792.45353 52.52889
9.60 14764.78157 1237.50765 3815.63846 52.33543
9.61 14913.17009 1243.09817 3838.94714 52.14299
9.62 15063.04994 1248.70916 3862.38014 51.95158
9.63 15214.43611 1254.34068 3885.93800 51.76118
9.64 15367.34373 1259.99278 3909.62129 51.57180
9.65 15521.78810 1265.66552 3933.43059 51.38341
9.66 15677.78467 1271.35896 3957.36645 51.19602
9.67 15835.34902 1277.07316 3981.42945 51.00962
9.68 15994.49693 1282.80817 4005.62016 50.82421
9.69 16155.24429 1288.56405 4029.93914 50.63977
9.70 16317.60720 1294.34086 4054.38699 50.45631
9.71 16481.60188 1300.13865 4078.96426 50.27381
9.72 16647.24473 1305.95749 4103.67156 50.09226
9.73 16814.55232 1311.79743 4128.50944 49.91168
9.74 16983.54138 1317.65853 4153.47851 49.73203
9.75 17154.22881 1323.54084 4178.57935 49.55333
9.76 17326.63168 1329.44444 4203.81253 49.37557
9.77 17500.76722 1335.36936 4229.17867 49.19873
9.78 17676.65285 1341.31568 4254.67834 49.02282
9.79 17854.30617 1347.28345 4280.31214 48.84782
9.80 18033.74493 1353.27273 4306.08067 48.67374
9.81 18214.98708 1359.28358 4331.98452 48.50056
9.82 18398.05074 1365.31605 4358.02431 48.32829
9.83 18582.95423 1371.37022 4384.20063 48.15691
9.84 18769.71602 1377.44612 4410.51408 47.98641
9.85 18958.35480 1383.54384 4436.96528 47.81680
9.86 19148.88944 1389.66341 4463.55484 47.64807
9.87 19341.33897 1395.80491 4490.28336 47.48021
9.88 19535.72266 1401.96839 4517.15146 47.31322
9.89 19732.05994 1408.15392 4544.15976 47.14709
9.90 19930.37044 1414.36155 4571.30887 46.98182
9.91 20130.67399 1420.59134 4598.59942 46.81739
9.92 20332.99063 1426.84335 4626.03203 46.65382
9.93 20537.34058 1433.11764 4653.60733 46.49108
9.94 20743.74429 1439.41428 4681.32593 46.32917
9.95 20952.22238 1445.73332 4709.18848 46.16810
9.96 21162.79572 1452.07482 4737.19560 46.00785
9.97 21375.48535 1458.43884 4765.34793 45.84842
9.98 21590.31255 1464.82545 4793.64610 45.68981
9.99 21807.29880 1471.23471 4822.09076 45.53200
10.00 22026.46579 1477.66667 4850.68254 45.37500
